139
198
48 172 33 137 179 92 120 142 69 95 181 51 157 131 41 72 52 101 152 21 116 85 53 196 67 28 78 119 34 70 109 139 44 64 138 97 121 169 106 122 183 126 105 177 55 80 118 102 5 161 4 174 59 124 25 12 68 107 163 104 47 77 125 129 111 140 50 175 130 86 93 71 184 3 23 32 63 49 141 113 36 57 99 10 58 186 115 7 19 65 167 30 182 133 76 66 154 173 143 159 149 37 79 56 20 170 87 108 60 94 38 9 176 31 1 98 150 39 144 75 166 162 194 14 127 26 83 96 62 110 145 16 74 73 15 165 153 82 193 136 2 148 164 8 171 17 198 187 35 190 91 84 112 195 22 29 168 180 13 189 6 90 147 114 178 156 135 43 192 103 185 61 45 18 158 151 11 128 155 46 42 123 89 134 132 40 160 54 146 24 88 117 197 191 27 188 100 81
107
2 37 12 97 35 34 77 70 62 100 32 3 36 91 96 68 22 33 78 99 81 98 59 27 93 45 60 5 90 29 87 79 63 54 82 21 44 49 74 52 55 1 48 76 107 42 69 8 41 102 13 16 26 39 72 64 25 6 9 84 85 66 61 28 104 31 71 101 94 57 103 40 80 51 30 56 20 86 106 10 73 24 23 46 17 83 7 65 58 4 47 50 19 75 18 38 15 11 43 88 67 89 53 14 92 95 105
105
44 17 105 16 72 59 22 32 48 55 46 63 101 38 47 12 66 93 31 13 3 43 64 1 30 19 9 78 27 96 90 94 82 73 99 87 80 6 23 45 24 76 15 42 10 84 40 65 14 49 26 60 67 91 79 50 103 28 62 71 102 51 2 57 25 20 53 81 75 69 34 4 37 11 92 8 18 52 54 104 77 7 85 86 68 70 74 5 41 97 58 39 88 89 21 33 56 35 100 29 61 83 95 98 36
114
78 38 82 77 49 106 24 41 105 22 103 14 75 56 5 25 113 76 4 80 92 7 13 85 55 30 104 112 9 94 48 63 81 87 69 65 17 101 46 99 88 61 114 15 21 107 70 59 23 110 60 58 73 71 45 36 64 29 2 44 93 33 111 39 54 40 47 72 100 83 89 3 16 86 102 8 11 91 109 28 95 34 6 57 108 67 43 90 1 79 26 35 19 97 31 84 42 68 50 27 62 51 96 12 10 20 32 52 74 18 37 53 98 66
115
63 76 67 100 47 44 32 102 70 22 87 114 58 19 84 16 50 59 10 99 6 53 113 2 103 94 73 111 65 86 48 9 112 79 75 37 39 83 64 20 13 26 55 46 69 43 109 51 18 57 35 98 28 72 56 60 49 82 115 25 97 42 33 5 88 1 104 21 74 17 95 66 105 68 106 30 11 45 92 12 110 61 108 78 52 29 96 40 34 89 24 77 38 7 36 23 93 8 71 3 15 4 41 107 101 80 27 91 90 85 81 14 54 62 31
130
117 69 44 8 92 10 51 47 118 7 56 9 77 98 81 37 61 87 65 106 68 119 34 17 85 49 19 120 94 31 121 89 114 1 126 66 4 21 12 127 43 75 70 93 52 72 62 57 101 80 96 76 20 73 33 30 53 63 64 38 130 48 115 26 24 129 14 29 103 104 111 42 113 16 23 123 74 13 124 90 32 95 41 59 122 36 86 67 91 46 58 25 18 97 28 83 40 88 84 71 99 22 108 35 109 6 2 112 27 110 15 102 45 3 50 5 128 116 39 79 105 82 60 78 100 11 54 107 125 55
193
174 65 46 85 169 119 34 105 26 123 129 191 158 15 40 9 115 177 3 141 185 131 109 79 132 44 17 74 27 160 51 42 80 181 120 35 111 2 122 36 135 176 37 152 102 136 57 69 76 161 64 173 1 183 187 138 93 178 96 13 155 54 24 100 66 53 189 12 140 19 190 148 128 60 18 118 164 47 157 108 114 4 32 72 170 31 6 145 166 59 7 163 186 175 71 55 153 75 134 43 159 52 63 150 162 99 180 143 179 110 130 168 125 83 127 77 48 45 97 146 156 16 101 5 147 95 10 82 23 182 98 107 78 117 104 21 58 20 41 121 38 8 22 139 133 81 56 33 116 73 25 188 106 91 92 84 112 89 68 165 124 14 192 88 70 167 137 171 49 67 151 193 30 90 94 11 28 62 29 87 86 126 39 142 61 184 103 144 172 149 113 154 50
102
53 34 99 97 38 72 90 67 18 48 88 57 14 68 1 4 89 66 26 32 40 76 60 81 15 83 69 56 54 28 70 22 50 79 74 63 5 30 65 11 82 49 61 8 80 12 45 39 33 13 84 42 59 87 102 16 98 10 55 51 36 91 3 37 44 46 20 19 101 7 71 75 9 73 23 24 27 64 47 29 6 93 58 43 17 78 41 2 21 95 94 25 77 100 52 92 85 96 86 62 35 31
136
87 112 106 69 3 125 121 105 56 75 99 117 100 42 103 9 2 126 111 58 94 45 34 49 4 114 78 115 5 15 37 61 101 76 59 97 21 17 68 65 90 130 53 40 109 136 6 74 123 39 119 8 60 92 57 135 35 50 1 81 55 131 70 62 89 13 22 54 41 96 82 73 122 120 7 47 27 110 132 23 63 108 86 72 12 52 83 124 127 79 71 77 95 102 134 48 118 38 11 31 98 20 85 67 107 26 128 28 80 18 19 24 129 30 14 32 84 44 64 113 91 29 25 51 116 16 43 66 133 36 104 93 33 10 46 88
108
66 8 5 93 51 26 80 106 92 6 52 11 55 41 29 21 105 65 40 63 30 108 27 88 7 19 64 23 15 44 50 96 2 36 54 9 94 84 83 35 33 43 1 98 67 46 72 69 12 3 73 18 75 42 47 34 95 97 71 53 45 37 56 20 104 38 13 22 17 57 10 25 87 4 77 101 14 85 102 79 99 81 60 68 74 31 39 28 61 59 100 16 82 103 70 58 49 107 32 48 91 90 76 89 78 62 24 86
143
56 137 97 26 130 81 110 8 59 30 105 49 46 20 80 79 100 93 50 118 12 48 84 108 91 28 11 14 25 74 88 89 138 32 94 1 139 90 70 44 132 114 38 41 3 102 142 112 18 120 104 109 136 63 24 53 40 117 82 45 16 61 4 128 86 119 68 143 34 123 9 5 99 35 106 13 64 116 60 67 107 140 78 71 31 111 72 52 75 115 7 29 21 10 87 92 43 96 98 6 85 126 95 77 36 103 27 17 121 19 141 55 2 42 129 66 47 124 54 62 33 51 58 15 135 133 131 73 127 22 23 101 113 65 125 39 37 76 122 69 134 83 57
110
13 71 17 14 70 25 109 38 106 56 79 4 68 50 101 105 34 22 43 80 110 20 48 5 9 6 83 108 86 11 69 36 100 92 98 87 45 15 46 24 51 84 57 73 65 89 21 3 28 60 31 32 97 19 64 55 41 63 2 54 29 77 99 33 1 18 94 30 12 7 16 42 76 81 72 44 10 37 102 27 95 49 66 75 104 107 62 90 52 59 91 74 47 93 35 39 67 78 61 96 82 88 85 53 58 8 23 40 103 26
128
49 115 53 7 11 30 90 39 97 2 43 102 68 41 74 105 118 127 91 98 42 22 109 69 20 48 71 55 120 36 110 32 27 111 14 76 5 54 117 85 8 37 34 16 33 47 46 12 82 106 56 95 126 92 101 89 80 77 44 23 50 122 28 13 6 1 121 35 81 3 60 75 114 93 108 73 57 61 67 84 29 17 63 86 58 10 25 87 24 125 119 40 9 15 100 4 38 62 51 128 31 52 19 113 59 116 18 104 96 79 64 70 112 99 94 21 72 66 103 88 83 65 124 45 26 78 107 123
142
43 95 126 107 33 125 139 6 5 104 134 16 94 87 66 64 77 78 137 34 88 103 32 30 119 41 131 135 108 63 96 8 73 109 140 80 4 84 136 58 18 53 56 106 92 98 23 120 75 100 71 70 26 45 19 11 7 50 21 93 15 59 141 69 48 24 129 89 17 99 133 22 111 29 54 67 46 90 39 85 76 130 112 52 79 114 28 122 113 10 124 12 55 49 42 14 117 51 3 116 123 115 44 138 27 60 83 91 121 36 1 142 86 101 110 74 97 47 37 128 65 102 68 62 38 82 81 118 127 57 105 132 20 9 40 25 2 13 61 72 31 35
147
77 8 137 23 83 56 143 95 122 73 121 123 90 74 82 5 35 78 53 131 133 3 140 76 71 24 59 75 116 11 14 7 2 36 58 134 64 93 67 114 146 120 57 135 86 126 113 47 89 65 61 142 44 13 38 125 48 32 51 40 31 139 92 145 29 30 100 101 66 147 68 85 21 37 16 104 25 127 10 138 34 102 39 49 54 111 81 110 132 72 105 19 80 45 1 96 141 43 99 18 69 63 26 106 79 124 87 27 20 119 118 94 50 84 6 42 88 17 41 115 117 15 109 22 97 70 55 98 52 108 60 103 12 129 4 136 130 46 9 62 107 128 144 91 112 33 28
115
62 34 106 57 13 53 88 61 26 32 19 11 83 86 113 47 23 101 29 40 54 114 112 97 33 58 3 50 92 75 20 9 67 115 24 77 55 36 17 16 78 43 105 65 76 25 14 74 80 39 89 72 30 37 93 71 8 52 5 96 109 84 68 2 98 69 81 60 90 45 35 108 18 56 48 12 46 94 38 95 70 21 41 91 79 7 49 111 85 22 44 28 82 42 99 6 66 103 100 64 63 73 107 27 15 10 104 59 51 87 110 4 102 31 1
190
172 79 109 183 17 110 118 82 164 152 162 91 130 125 57 179 181 39 46 26 54 35 33 70 107 120 94 74 37 116 154 155 41 131 113 96 84 23 9 83 63 148 76 101 121 50 90 28 93 135 8 95 146 100 25 80 98 123 88 18 160 48 150 136 188 14 122 78 141 61 81 3 20 176 44 10 75 127 112 38 175 126 60 144 51 168 177 170 12 66 106 77 15 132 2 163 185 139 167 89 97 169 52 111 29 71 119 24 165 108 189 184 16 138 180 134 34 67 5 6 147 157 151 99 21 13 31 65 133 166 85 140 153 149 124 40 117 32 92 103 59 102 72 171 42 186 129 178 143 187 30 145 27 142 58 62 105 137 22 4 87 43 128 68 174 158 114 45 53 1 115 173 11 86 64 190 36 161 69 104 159 47 56 19 182 7 55 156 73 49
181
22 69 161 98 148 59 105 50 74 114 113 133 158 61 179 165 115 2 154 27 128 99 70 88 13 62 126 39 85 20 30 108 44 35 55 118 125 162 78 169 79 155 103 174 3 180 110 84 7 38 60 90 168 46 32 21 152 91 34 92 111 96 47 48 1 94 81 131 57 37 117 140 56 141 53 109 149 76 45 51 43 127 139 107 106 157 66 104 151 134 136 11 166 144 121 16 120 12 130 150 19 82 80 100 153 42 67 172 28 23 145 159 64 173 31 24 160 75 72 146 4 112 29 181 163 54 132 175 129 41 164 176 101 147 95 77 14 171 87 135 170 33 167 10 124 25 26 18 116 137 8 83 102 36 17 143 156 5 123 65 73 93 97 6 49 142 40 86 63 89 122 119 9 178 58 138 52 71 15 177 68
186
97 120 35 150 65 27 70 108 104 183 107 155 59 77 91 175 112 185 31 47 12 153 68 164 57 156 161 58 180 63 148 23 13 54 174 98 80 117 106 116 20 53 178 84 138 134 129 4 173 145 89 179 62 10 41 88 94 32 48 136 51 21 123 15 172 19 177 6 2 69 100 142 71 18 131 5 171 52 165 147 105 22 67 93 139 167 43 85 166 122 163 181 114 29 143 182 170 60 101 76 186 81 176 140 135 75 127 169 26 128 33 82 152 61 74 184 25 66 141 40 8 109 144 37 146 38 90 11 24 79 36 39 118 162 78 119 110 158 95 92 115 83 151 159 133 64 30 96 50 9 87 3 7 45 99 14 113 160 16 121 49 111 125 73 17 154 149 126 102 34 42 132 1 168 28 46 72 56 103 44 55 137 130 157 124 86
197
65 83 29 25 193 96 166 86 178 72 116 61 31 161 68 144 187 121 52 82 167 71 9 40 26 57 136 125 51 10 183 180 124 171 41 92 22 8 21 123 102 164 162 197 15 158 172 122 16 192 42 169 70 63 175 98 131 117 35 177 95 104 103 114 33 91 97 20 66 17 46 120 112 140 90 80 49 13 108 168 190 146 75 28 148 85 195 105 113 147 115 76 89 182 155 77 133 185 109 6 5 94 93 62 153 173 129 99 139 64 1 101 19 37 188 56 36 138 118 14 145 53 127 67 141 159 79 58 30 194 23 55 34 137 130 154 3 132 189 78 184 134 119 160 157 151 39 12 165 69 84 149 73 174 24 156 11 47 44 110 45 88 152 18 181 106 135 60 7 48 54 2 111 43 81 143 4 142 107 74 176 38 128 179 59 170 100 191 50 163 126 196 186 27 32 87 150
163
151 36 153 154 68 112 75 67 152 50 4 124 42 99 104 103 30 5 66 90 46 158 63 48 102 71 78 55 86 16 144 120 131 155 146 100 79 73 143 122 27 160 80 44 74 88 58 115 150 126 39 116 148 85 130 128 25 138 35 101 11 142 22 65 60 56 123 94 43 9 89 32 41 134 91 2 40 7 97 136 159 38 127 31 33 28 59 108 52 21 111 19 83 54 109 3 105 81 129 14 13 6 29 77 139 51 1 133 98 157 64 47 163 8 156 18 149 125 17 82 76 114 135 70 62 93 107 15 26 72 121 37 87 162 141 24 10 119 61 106 96 118 137 147 12 145 57 110 132 45 34 20 140 23 84 49 69 113 117 92 161 53 95
114
69 33 31 51 64 76 102 41 36 67 62 42 111 68 95 13 87 10 72 98 106 7 35 112 108 105 109 114 15 55 2 46 82 65 83 59 9 5 94 29 25 91 84 18 47 79 1 57 14 38 75 12 37 90 21 4 39 11 74 30 70 100 110 6 92 28 96 23 103 81 45 113 54 60 104 20 89 44 73 3 26 32 93 97 66 86 58 56 34 50 27 80 107 78 85 88 71 16 99 77 22 40 101 43 8 24 52 49 53 19 17 61 48 63
119
84 57 51 58 10 107 45 6 32 11 13 18 27 56 26 118 34 16 76 33 72 30 95 12 94 112 48 71 3 31 28 77 61 29 67 21 90 82 85 40 111 43 68 80 42 49 53 78 99 75 39 22 37 1 116 50 55 46 69 98 2 104 83 70 106 54 81 97 79 23 24 105 114 7 113 93 65 74 44 115 47 20 87 119 96 35 86 9 15 14 108 109 62 25 4 73 52 36 88 89 63 60 17 66 91 103 41 38 5 8 102 101 100 64 110 92 19 59 117
189
86 72 40 85 151 73 79 69 109 180 129 14 158 22 104 67 170 146 80 57 26 153 23 122 46 87 77 49 35 160 138 95 139 71 24 101 52 18 110 188 93 36 13 74 4 37 156 181 34 75 131 25 31 81 8 94 66 65 56 140 182 5 126 55 179 10 100 33 186 152 19 111 133 171 6 1 84 163 120 76 42 99 50 134 44 148 106 144 127 167 112 176 117 103 27 45 54 169 2 187 166 157 38 68 162 105 135 12 161 116 154 177 107 78 7 32 118 20 89 41 159 3 178 172 165 149 70 30 39 115 137 98 113 15 136 59 128 173 53 21 62 124 142 168 119 143 88 60 63 147 145 102 90 189 141 174 47 121 64 61 108 125 183 48 175 17 82 132 51 58 150 164 185 43 155 9 123 29 97 92 16 11 91 184 83 130 28 114 96
139
31 14 41 54 79 134 80 71 63 18 49 3 48 5 13 32 110 94 87 69 92 61 120 127 129 10 9 105 91 12 101 45 117 126 51 46 135 70 60 133 67 113 6 24 55 124 136 36 22 84 99 25 98 74 122 8 73 72 59 131 68 96 62 116 47 112 21 114 11 123 58 115 139 75 17 42 81 65 85 33 56 132 88 34 106 128 57 95 44 43 108 26 40 39 23 137 97 103 82 104 90 66 109 4 83 2 77 64 16 130 121 86 102 89 52 27 29 20 35 15 50 118 19 28 1 111 38 53 7 78 100 93 37 138 119 125 76 107 30
186
4 32 14 70 113 177 41 154 42 146 186 112 106 168 96 31 176 166 133 52 12 24 173 91 169 54 88 2 184 111 6 163 64 150 50 170 60 161 43 167 8 35 181 25 92 164 62 122 90 85 29 120 103 21 153 45 139 182 30 56 87 97 79 152 172 125 33 28 185 36 183 48 136 20 23 179 107 78 95 38 3 142 156 108 110 10 46 59 138 117 94 93 57 34 58 11 165 1 81 148 162 149 69 72 109 134 99 61 178 157 155 16 55 40 71 151 137 26 115 129 130 13 86 80 100 159 18 27 147 89 131 135 102 76 77 114 67 7 39 128 17 158 15 82 119 145 74 104 98 47 175 101 124 73 143 140 84 127 174 63 180 105 9 49 118 116 65 123 144 68 37 83 44 126 53 75 5 66 132 160 51 171 121 19 22 141
111
72 45 93 21 94 20 106 6 110 1 17 18 109 73 52 31 54 99 51 22 101 47 3 41 92 12 26 71 85 108 32 5 48 10 84 30 107 79 33 77 87 39 25 19 100 2 11 96 67 76 83 68 91 89 44 56 9 58 42 104 4 88 28 82 103 23 98 80 111 78 105 57 62 75 64 63 102 16 59 14 7 13 37 38 46 36 49 43 15 27 40 34 97 95 65 81 61 24 29 8 50 86 70 53 35 60 55 69 90 66 74
163
126 55 143 116 58 25 29 111 133 83 117 52 23 27 13 20 16 148 134 45 21 36 88 141 138 84 89 119 124 34 46 56 103 114 110 137 43 157 147 31 6 73 113 50 38 150 65 104 17 162 2 107 39 100 99 105 5 154 53 152 76 30 10 79 155 82 61 44 75 80 22 112 3 41 59 67 151 49 146 156 35 37 14 93 139 127 118 102 12 77 72 101 91 98 28 63 47 158 90 1 108 125 60 68 153 149 122 74 135 87 54 130 95 136 145 92 115 96 18 4 97 57 24 62 15 129 26 70 123 120 51 94 132 163 81 128 160 161 7 131 19 121 109 142 86 11 66 78 85 42 159 69 106 9 33 40 140 8 64 48 71 32 144
179
70 6 24 17 45 25 56 5 116 73 161 27 97 137 102 53 48 149 160 155 175 128 100 171 3 58 23 135 101 61 83 63 42 62 21 134 156 40 20 37 123 30 148 139 106 136 33 163 113 117 167 9 16 174 168 110 170 118 19 127 138 126 18 145 92 140 57 87 157 65 165 159 47 60 28 132 22 15 105 98 125 95 154 52 75 55 71 109 72 35 93 177 77 99 79 169 68 69 66 121 124 44 11 43 32 103 176 10 146 81 26 142 89 54 64 173 178 107 2 84 153 143 111 172 34 119 36 50 76 51 74 120 114 86 151 133 12 108 162 1 179 80 131 46 88 122 67 144 8 59 115 130 49 158 13 129 4 78 164 150 141 112 14 104 90 38 94 96 166 147 82 31 29 85 39 7 152 41 91
164
105 82 97 33 134 109 17 91 116 124 44 111 69 135 41 43 56 26 60 12 144 93 140 158 15 81 121 163 29 150 39 145 3 128 9 103 52 13 7 23 125 159 162 1 139 106 104 152 30 86 118 89 38 141 42 153 19 45 98 18 72 49 8 35 2 4 10 129 113 25 16 151 58 156 77 80 53 112 68 110 142 138 130 64 146 32 161 27 21 40 131 119 115 31 90 94 57 34 84 102 47 54 78 36 73 88 20 83 96 108 149 127 70 157 136 100 126 132 6 28 155 160 14 147 51 101 87 71 79 117 148 11 55 164 123 75 50 59 61 65 46 122 48 133 154 74 63 67 120 85 62 143 107 76 66 99 137 95 24 114 22 92 5 37
155
131 109 59 39 76 129 135 13 27 23 53 31 32 22 153 4 46 49 88 83 136 151 75 85 18 103 141 40 35 79 81 143 108 125 15 78 122 66 98 62 74 82 33 37 21 36 111 65 44 104 118 7 52 34 63 6 148 10 106 110 113 133 138 91 58 147 115 28 55 116 25 144 137 51 97 134 3 119 45 139 155 26 150 19 99 117 64 56 123 154 41 1 149 142 57 121 127 17 5 2 96 67 73 20 24 77 68 42 43 69 130 30 112 146 100 29 95 101 60 87 89 140 92 152 94 11 72 38 16 114 128 9 132 93 84 50 48 8 126 54 90 86 124 120 145 61 47 107 102 80 105 12 71 14 70
181
179 109 163 69 164 160 58 91 46 104 105 170 125 126 19 158 120 37 83 73 136 94 117 6 10 135 61 8 145 90 50 146 17 40 143 137 95 139 36 67 62 98 119 96 31 103 20 115 144 4 66 84 112 30 39 138 166 118 11 35 102 151 181 72 161 18 24 152 22 64 28 150 110 12 142 25 178 79 149 132 14 45 16 23 57 15 78 157 129 156 114 169 68 176 70 55 153 172 171 49 168 27 180 5 99 92 52 63 26 106 100 44 167 111 88 34 41 148 147 89 124 108 1 93 122 162 174 141 71 9 86 177 140 21 13 51 42 121 75 74 87 97 38 130 82 76 65 85 165 154 134 113 128 56 81 107 2 60 77 175 80 7 33 101 54 155 133 59 127 53 159 48 173 3 116 29 47 123 43 131 32
113
80 48 40 83 85 11 52 13 42 84 30 90 6 50 102 41 49 51 67 20 53 99 28 4 39 72 36 65 55 17 76 9 92 61 78 10 106 68 103 107 64 14 111 16 18 7 37 24 79 47 88 58 26 105 73 98 97 104 23 12 94 100 75 63 89 3 91 110 56 108 74 19 66 44 54 5 71 32 15 62 46 69 45 96 101 95 38 21 31 1 81 113 27 86 8 112 34 93 109 87 82 25 70 43 33 57 60 29 35 2 77 22 59
145
114 1 130 50 55 128 135 29 129 137 14 108 26 69 64 52 85 21 79 61 107 92 27 12 98 111 87 72 58 134 28 75 19 54 74 88 133 46 57 109 115 6 5 106 73 117 76 122 145 36 49 119 90 25 32 103 93 18 13 15 97 37 89 2 43 99 4 124 131 121 105 45 112 104 66 30 125 126 110 31 116 48 144 127 60 77 78 20 142 44 24 71 70 47 62 17 95 3 68 143 80 42 86 11 100 63 123 84 91 53 118 101 65 34 140 132 82 81 56 40 83 138 96 141 35 51 67 10 102 7 120 136 23 59 113 9 16 139 39 8 94 33 41 38 22
135
85 78 10 117 52 35 119 38 14 45 90 48 120 63 76 83 109 22 86 103 50 72 79 107 39 4 27 47 82 98 13 34 106 73 30 58 36 122 128 110 6 11 129 102 24 49 21 89 130 19 88 84 44 80 115 113 16 1 67 64 57 55 3 104 53 75 31 54 126 42 135 77 7 60 133 99 121 8 111 43 132 51 101 26 118 33 112 131 15 74 17 65 12 91 5 68 46 97 87 134 32 20 25 71 92 41 2 123 61 40 9 116 94 93 37 62 105 96 56 127 28 23 29 108 125 59 70 69 124 100 81 66 114 95 18
155
74 124 53 147 99 69 54 65 113 68 1 17 62 15 58 103 46 97 134 111 35 64 78 2 27 82 85 105 152 96 154 56 29 79 125 101 41 104 129 86 77 80 107 130 57 26 146 23 138 73 75 51 40 90 70 132 121 81 133 42 83 93 48 118 25 24 10 39 3 137 14 72 33 92 4 50 52 71 7 141 49 116 34 131 37 155 38 11 60 36 28 108 13 91 126 32 67 114 16 87 44 148 21 89 142 135 153 150 12 128 76 6 63 55 18 120 43 139 102 94 119 140 88 47 45 123 5 151 8 61 106 112 117 100 149 22 98 9 95 109 143 144 115 84 127 136 20 122 31 30 110 66 59 19 145
199
19 73 10 170 156 63 68 44 119 152 2 130 21 60 113 143 135 140 29 7 142 38 162 178 123 166 153 104 79 177 185 93 8 176 157 189 120 22 9 61 128 74 71 78 94 121 154 24 197 47 187 86 149 64 105 148 111 184 136 196 65 95 27 101 146 70 126 43 5 100 106 129 40 193 199 57 127 107 50 34 132 46 118 87 17 164 109 66 58 175 48 110 168 133 45 39 183 62 173 169 56 90 18 114 92 180 167 165 174 16 192 20 91 116 181 131 12 172 42 53 4 28 76 103 186 6 82 191 14 37 188 144 163 75 69 155 88 13 31 41 54 51 77 108 158 115 35 52 33 11 1 124 179 99 15 160 3 30 151 150 83 25 134 182 161 36 190 198 122 98 80 49 59 195 125 141 97 26 147 89 139 96 55 72 81 67 194 84 32 102 117 23 137 112 85 171 138 159 145
134
75 92 22 30 86 87 42 124 130 100 110 18 32 78 111 27 132 109 105 14 94 88 98 21 128 29 127 108 89 90 131 95 101 6 24 80 9 57 82 74 1 106 36 31 44 65 113 28 54 43 15 23 25 7 71 59 55 85 67 63 38 96 91 123 116 12 50 134 77 125 11 2 61 73 20 52 102 41 114 19 97 76 118 35 58 3 56 40 64 129 81 49 26 83 4 115 16 121 126 62 119 47 122 33 79 53 107 117 70 10 45 120 103 69 37 66 51 17 99 104 68 39 133 93 8 46 72 84 13 48 60 34 112 5
146
71 133 10 119 12 23 86 140 17 116 20 144 56 82 106 22 139 110 89 129 67 40 88 95 45 18 30 94 11 68 38 126 100 131 25 27 107 92 63 5 75 114 124 83 109 145 80 39 54 85 65 70 84 26 130 7 51 55 6 77 137 9 8 3 78 104 136 60 34 72 37 16 113 46 143 90 142 4 59 28 141 19 48 42 29 108 111 2 64 76 125 128 21 115 98 118 36 105 93 24 138 134 32 35 52 1 87 120 146 103 33 101 117 13 69 102 127 47 15 31 14 49 50 44 81 132 97 91 73 122 74 121 99 53 66 79 57 43 58 135 62 123 96 41 61 112
196
35 50 52 135 136 99 101 10 8 152 80 53 1 132 188 148 192 14 59 147 17 31 58 134 93 166 170 91 120 193 18 125 119 20 72 42 110 69 158 183 26 180 41 155 196 3 103 129 181 102 60 114 127 116 182 176 97 123 179 7 160 142 133 83 24 145 141 73 66 92 149 16 38 54 111 138 187 57 108 82 190 105 194 94 71 63 21 5 75 173 37 22 89 39 9 122 46 32 128 27 185 15 100 12 64 150 171 70 162 130 68 56 76 184 48 77 186 159 124 33 137 11 84 34 55 165 140 175 191 19 81 85 126 40 74 151 154 96 44 90 36 144 13 28 189 95 118 169 177 6 98 29 113 153 30 45 86 106 109 178 47 78 2 167 121 79 161 107 146 112 115 156 131 117 4 143 172 88 104 168 62 65 49 61 164 43 23 67 87 157 174 195 51 139 163 25
159
116 96 8 90 132 57 69 101 12 106 145 3 10 138 86 80 152 79 113 26 70 25 49 102 41 92 93 125 147 94 135 2 23 150 126 122 136 159 44 103 144 75 83 17 89 97 65 47 45 117 56 146 84 1 37 118 124 58 52 31 91 137 19 87 100 121 5 107 61 139 4 77 66 110 157 50 54 72 60 129 155 64 46 71 85 42 76 131 128 78 33 16 59 88 95 40 6 158 115 27 111 104 153 20 62 34 32 68 43 14 36 120 98 143 133 105 21 142 99 13 123 109 82 9 24 74 73 63 38 22 114 30 81 51 156 149 48 15 148 154 53 140 39 112 108 29 11 55 127 130 119 35 134 28 18 141 67 7 151
113
79 30 11 78 37 72 22 6 103 21 13 18 23 40 112 14 101 50 99 93 58 67 69 41 19 105 83 28 106 31 57 90 35 84 75 71 87 26 76 55 82 100 80 53 49 113 36 4 65 63 94 62 7 17 107 29 38 25 97 109 5 81 85 39 89 45 8 92 77 88 24 61 68 46 66 59 98 15 20 12 60 102 86 110 10 48 43 51 16 32 64 104 91 54 56 33 108 70 34 95 96 44 9 42 47 52 111 27 2 73 74 1 3
102
75 43 54 35 91 8 22 20 6 60 31 27 28 39 42 5 21 87 44 98 19 55 73 47 58 70 89 63 26 13 46 78 1 59 23 57 95 34 83 72 10 79 102 51 29 32 82 101 11 97 67 24 69 92 16 18 96 66 84 2 100 41 74 4 99 45 77 52 48 76 88 30 40 36 86 80 15 7 68 37 71 49 53 61 3 12 94 81 14 65 33 50 25 64 38 62 85 90 93 17 56 9
174
160 114 101 7 5 154 133 57 27 14 140 9 37 72 75 69 169 17 129 107 139 26 171 8 116 40 98 46 67 165 168 56 12 30 161 132 151 15 23 172 58 96 65 42 77 79 127 94 131 170 117 104 83 4 118 47 36 41 10 53 90 110 34 126 130 143 167 68 121 119 28 156 2 32 173 84 71 108 24 29 153 142 3 31 174 106 88 20 100 86 115 6 137 91 78 73 93 49 87 11 92 155 99 59 166 159 103 64 112 38 89 144 125 145 134 13 111 45 128 54 136 51 16 135 81 82 39 109 158 105 18 19 25 35 80 48 52 120 123 66 150 97 76 141 163 162 55 124 63 33 122 149 61 138 102 1 44 113 152 148 43 62 147 74 50 85 95 70 22 21 157 60 146 164
130
20 75 14 1 10 44 127 55 60 68 17 116 49 43 87 5 92 91 112 33 82 31 130 8 35 94 123 119 117 88 109 45 64 118 72 23 89 65 93 27 98 106 2 16 54 42 114 13 99 59 81 97 67 78 57 70 63 77 6 30 102 3 15 76 103 73 74 125 84 115 19 62 128 108 96 100 4 41 28 38 18 124 104 26 129 110 120 12 46 47 101 9 21 40 111 56 52 11 126 69 95 50 86 22 51 34 71 80 48 121 29 7 39 61 83 36 79 32 113 107 85 53 66 25 105 122 58 24 90 37
194
165 84 122 98 168 66 85 169 157 128 68 40 52 32 16 44 144 39 108 130 110 183 30 163 123 107 15 106 153 59 38 150 99 194 191 147 69 118 178 49 138 19 50 94 148 33 77 170 58 60 158 34 3 151 176 131 51 166 90 65 28 152 186 149 70 24 159 56 117 120 74 76 172 126 81 8 41 121 161 42 45 31 7 134 25 92 95 1 61 71 82 114 100 156 67 141 54 73 18 17 129 62 180 2 171 9 113 154 89 185 37 146 80 160 137 63 175 190 174 112 79 155 189 23 14 20 104 96 6 192 164 72 140 136 182 46 193 27 93 143 139 179 116 145 29 12 102 53 125 177 22 109 181 36 91 83 55 13 47 142 115 26 57 21 4 173 78 87 133 64 75 101 187 184 188 105 103 124 86 135 35 48 5 127 167 111 132 162 88 97 11 43 119 10
140
60 51 14 18 27 98 31 42 45 41 47 16 85 6 23 37 93 90 57 64 103 89 104 121 77 124 117 73 84 119 20 43 131 7 120 122 130 40 48 3 32 8 5 99 118 52 9 67 88 58 56 97 113 101 21 126 13 72 94 114 83 68 15 70 29 39 36 91 125 78 138 95 135 105 108 106 26 136 112 50 74 33 127 115 35 46 34 44 87 22 2 110 63 62 80 132 139 102 76 66 100 17 71 54 79 134 109 28 96 38 10 82 55 129 133 49 61 25 30 137 111 69 59 128 53 19 65 1 12 92 86 116 107 4 81 123 140 24 75 11
188
11 122 44 6 93 105 12 153 71 81 179 45 5 109 69 155 67 32 113 16 171 128 65 55 59 90 78 136 165 151 143 129 48 31 9 2 177 35 176 127 187 85 146 13 3 184 37 172 30 92 110 108 86 96 41 63 140 57 164 169 120 58 91 141 104 89 7 46 102 79 25 161 182 75 27 56 175 73 124 135 21 117 38 148 50 15 157 76 106 4 154 83 68 40 72 87 49 52 51 97 152 19 29 158 166 77 43 163 125 88 162 185 160 131 137 111 60 20 66 23 167 181 156 54 112 36 94 116 119 1 53 168 174 132 82 24 115 34 145 74 180 173 17 170 100 84 99 39 150 22 64 26 121 28 149 178 130 47 142 123 114 95 103 139 138 133 98 188 159 18 107 14 101 42 80 118 70 126 33 10 8 62 147 61 134 186 183 144
115
98 71 64 18 110 20 23 101 37 79 81 5 36 107 44 11 54 89 70 30 80 87 39 51 103 69 33 97 6 60 94 83 3 99 10 115 61 105 74 63 24 1 62 58 111 38 43 91 95 65 67 27 72 53 75 2 96 86 29 48 45 46 76 13 90 84 49 108 57 92 32 114 66 113 68 21 7 55 112 109 77 104 52 26 8 56 4 17 41 16 73 31 85 40 47 9 25 22 35 19 93 28 50 106 100 14 34 82 88 102 12 78 42 59 15
190
136 37 68 95 67 54 103 130 99 85 25 97 94 20 73 184 101 119 23 47 57 181 8 125 30 79 108 9 150 107 127 29 1 144 51 155 165 92 96 139 164 170 141 163 16 117 113 17 161 131 133 52 147 39 11 188 129 13 60 118 142 171 124 77 183 154 44 146 172 12 48 123 111 14 42 50 21 56 140 100 182 173 187 32 3 41 134 26 110 75 84 58 176 49 18 53 179 177 185 63 135 81 116 138 152 87 121 128 2 83 88 166 114 109 112 76 145 132 178 7 91 151 15 45 78 36 102 149 62 168 143 5 158 24 115 6 72 122 189 80 27 90 34 157 86 64 22 104 82 4 70 156 74 19 10 31 35 120 61 69 174 93 148 46 55 28 175 106 98 38 43 180 190 162 137 167 160 59 186 33 40 126 153 65 169 159 89 71 105 66
197
149 137 187 155 18 88 163 4 26 179 5 77 166 6 110 144 87 34 167 188 19 23 168 64 152 69 158 73 186 63 159 60 47 114 36 161 150 160 107 116 78 151 145 132 91 76 181 136 43 112 177 195 53 172 178 104 82 153 40 97 8 148 96 84 85 180 54 81 72 51 71 56 2 134 157 119 15 24 123 113 95 27 128 169 49 147 67 90 74 21 98 48 44 61 189 37 20 66 139 125 16 25 197 170 32 156 83 17 194 175 129 171 58 124 176 14 108 1 39 92 131 42 154 182 140 35 105 127 30 80 138 70 190 117 52 28 184 120 146 94 12 143 162 7 59 193 10 142 183 102 86 31 101 62 174 75 22 33 55 109 111 11 93 45 46 29 99 13 133 9 130 122 68 103 191 164 41 100 196 118 115 165 126 89 38 192 121 79 106 173 50 141 135 3 65 57 185
144
41 89 55 107 113 93 140 116 34 92 23 45 69 96 101 103 64 126 16 65 74 135 10 6 127 33 36 54 114 60 56 80 91 38 27 132 104 72 119 130 121 13 123 31 144 100 59 32 141 35 46 111 1 137 94 78 18 87 117 19 30 49 66 71 98 12 85 125 51 4 11 68 5 124 17 143 106 133 77 99 86 76 24 15 61 57 83 115 134 37 88 118 47 142 120 67 40 26 63 105 122 50 108 22 58 39 110 81 138 52 109 129 73 42 28 136 9 90 44 131 29 75 25 139 7 84 62 48 102 53 112 128 95 2 70 79 14 21 3 82 97 20 8 43
131
47 46 6 79 5 64 41 72 113 78 28 3 20 57 130 56 102 19 30 103 120 39 44 124 129 122 86 92 99 59 60 53 14 116 89 121 76 1 22 33 40 27 68 80 98 25 106 128 10 118 12 2 16 104 77 117 31 8 45 101 38 95 9 84 29 32 11 66 37 131 90 110 91 63 34 73 18 100 26 15 48 4 107 75 55 54 21 112 13 42 87 109 50 83 52 61 69 62 111 97 24 51 88 74 70 125 82 67 35 108 115 7 93 94 105 58 43 127 71 96 123 23 81 49 65 114 17 36 85 126 119
112
24 63 84 88 79 76 99 104 57 27 20 82 108 110 111 31 80 71 7 64 51 96 86 25 60 67 89 29 23 59 66 97 34 8 94 44 85 93 91 6 4 109 49 11 56 54 112 72 69 74 26 30 50 106 14 42 75 95 48 43 58 47 35 18 81 12 38 9 87 98 3 40 68 70 32 100 21 90 5 77 53 52 1 83 15 45 103 101 36 2 33 22 78 16 73 92 17 107 62 19 39 28 102 10 61 46 65 105 13 41 55 37
184
44 61 76 94 64 125 166 168 40 49 161 65 164 17 78 143 111 120 179 9 162 136 151 102 38 158 3 30 182 42 50 55 59 34 62 178 47 86 80 7 110 152 105 177 18 100 70 20 11 37 58 117 68 14 12 104 89 27 97 123 15 5 141 71 171 90 52 8 81 129 159 174 160 43 153 87 77 128 184 169 107 122 93 132 22 167 24 85 83 67 155 163 96 13 98 32 69 51 183 116 112 63 53 92 113 140 29 74 134 108 124 181 73 10 148 175 33 137 45 121 2 156 41 150 99 21 115 25 19 60 82 131 142 95 172 126 46 135 28 109 16 170 54 154 157 176 79 106 26 88 1 23 31 4 146 36 138 75 133 147 57 72 127 56 66 6 114 119 130 84 118 173 165 48 144 101 91 139 103 149 35 145 180 39
146
54 118 113 55 94 17 145 46 63 83 19 68 133 37 82 28 29 105 1 44 124 59 126 42 3 104 49 41 85 88 26 9 143 99 51 100 98 109 32 33 2 73 38 48 131 130 121 74 45 11 84 72 123 36 114 15 39 90 144 102 47 24 12 14 136 56 31 92 13 108 35 40 77 53 137 62 80 67 52 34 20 139 58 115 65 128 4 97 135 141 96 87 86 127 91 142 132 76 66 64 30 8 71 16 110 129 27 50 18 75 107 140 103 89 7 6 125 117 120 119 116 61 93 21 106 57 146 101 22 138 70 43 122 111 69 10 5 95 134 112 25 60 23 78 79 81
154
9 112 13 145 22 26 50 116 151 5 85 3 123 7 11 28 44 34 141 40 62 45 33 98 124 142 15 32 92 55 136 133 126 152 122 59 52 154 150 113 83 139 80 69 43 149 19 120 58 66 25 72 54 100 137 147 121 23 128 107 103 47 41 61 76 129 117 119 14 143 102 39 97 95 148 91 89 53 57 90 17 104 135 63 106 49 94 114 153 20 74 1 42 6 134 131 84 109 2 130 64 77 71 36 16 93 101 37 108 73 99 96 86 81 146 79 110 12 51 75 140 70 29 67 88 8 4 30 125 115 138 127 46 87 78 48 144 18 105 21 111 31 35 27 38 56 132 118 24 82 60 65 10 68
136
13 58 50 8 121 39 70 115 76 131 1 71 37 18 81 68 28 72 116 26 67 34 117 52 83 7 9 49 86 110 32 25 20 42 46 122 74 59 29 36 94 120 102 69 63 4 10 89 65 23 66 112 77 22 88 56 114 64 82 84 15 125 48 16 134 73 5 109 124 61 33 62 126 93 27 11 43 107 21 135 136 90 44 95 133 104 98 105 80 103 35 113 24 106 14 91 127 19 118 128 79 75 119 97 130 87 41 53 38 78 132 30 47 96 123 129 100 45 17 108 85 6 3 51 111 92 2 54 40 57 99 55 101 31 60 12
155
59 41 154 140 16 45 62 135 8 144 74 51 66 153 89 91 36 101 65 15 126 90 100 82 151 64 9 83 94 127 96 48 108 76 2 148 17 132 69 97 14 85 131 145 11 125 130 22 26 43 30 38 60 88 21 84 81 98 34 116 118 113 92 128 35 102 150 27 7 3 149 123 137 110 56 75 143 1 19 55 121 86 33 6 95 13 73 61 134 4 67 152 146 32 54 5 40 111 24 117 155 133 71 18 105 37 147 139 29 49 93 53 99 31 107 136 119 87 122 44 114 77 138 10 47 28 106 63 68 46 79 115 42 57 109 20 52 70 25 104 23 12 39 50 72 142 80 103 141 112 58 124 120 129 78
171
94 114 123 38 69 137 116 17 98 45 148 125 33 31 118 154 166 19 28 83 44 81 163 54 78 39 100 134 139 10 53 82 58 106 79 170 111 119 126 152 2 30 55 146 85 48 50 149 90 105 99 20 103 77 6 97 95 108 26 66 142 168 133 34 128 21 51 76 93 16 140 157 9 129 141 22 23 64 112 24 74 25 110 92 160 32 102 120 144 158 42 3 132 127 68 29 165 15 151 5 1 131 27 18 89 14 109 59 46 136 96 167 62 71 57 88 36 164 35 145 47 171 124 135 63 104 113 7 43 147 91 65 37 52 49 122 84 41 80 138 56 61 87 115 150 11 73 159 12 60 153 67 107 162 143 130 117 4 8 13 161 72 155 156 101 121 86 70 40 169 75
199
21 90 44 2 190 146 70 183 100 94 101 87 114 20 63 128 116 37 151 97 46 127 30 155 192 17 41 31 22 74 108 166 153 48 12 177 168 60 158 124 180 103 11 161 197 9 110 199 170 117 185 6 38 187 105 171 159 80 40 16 56 112 51 189 148 123 156 188 32 19 122 134 91 93 10 138 140 36 81 169 54 144 77 157 67 23 43 89 176 149 182 120 14 71 8 191 132 66 135 28 7 152 174 147 47 62 84 33 145 73 186 26 59 96 83 106 49 45 65 76 107 55 85 184 27 95 198 181 79 143 163 121 72 167 68 104 175 42 162 193 160 129 86 39 173 88 150 126 75 131 130 52 139 141 50 1 61 109 29 165 82 78 13 69 111 154 5 196 102 195 25 113 4 99 15 98 35 34 125 53 179 178 57 164 92 172 118 137 136 133 24 115 64 119 3 194 58 142 18
161
115 150 77 81 154 98 57 160 95 127 67 8 62 56 85 110 101 141 79 105 130 132 23 143 64 155 55 24 32 135 80 126 73 84 92 97 139 5 61 16 93 63 119 88 94 161 151 120 60 114 25 43 20 113 44 41 40 47 42 104 89 50 159 27 2 39 58 146 37 13 122 69 86 140 28 4 102 17 33 3 137 70 107 144 26 87 128 109 45 134 153 158 19 91 103 145 38 82 7 152 100 72 71 53 118 148 68 156 125 34 149 12 133 131 18 106 48 46 52 96 15 22 123 157 138 124 78 51 29 49 75 76 30 83 108 112 99 111 116 65 59 35 36 147 129 10 74 6 117 14 121 142 21 90 1 66 31 136 9 11 54
116
67 57 107 14 18 60 3 77 114 30 34 24 70 113 44 87 10 69 75 68 66 62 89 93 82 41 56 99 97 85 29 51 110 26 88 22 55 54 83 90 4 109 21 95 103 111 38 116 108 15 73 1 63 20 78 48 101 5 47 115 43 72 59 40 6 19 58 91 102 45 32 28 65 112 36 27 52 104 64 39 81 98 35 74 94 49 86 71 16 7 8 50 76 11 84 33 2 80 79 13 105 92 37 100 12 31 25 61 23 53 96 17 9 46 42 106
186
15 1 107 165 47 28 69 44 143 113 151 2 128 70 18 168 154 78 58 155 90 177 97 51 167 23 122 6 171 116 109 26 170 150 5 56 161 85 144 14 31 62 32 112 149 103 71 115 87 141 133 42 169 159 102 75 176 111 41 118 37 183 163 10 36 63 40 108 123 157 7 96 93 156 114 11 3 104 21 46 173 134 184 80 86 130 135 182 158 29 124 74 91 153 13 34 164 55 110 54 147 72 166 92 61 152 4 181 76 180 22 101 81 12 66 49 88 121 43 178 117 64 67 83 125 131 179 186 35 162 73 140 126 52 8 84 82 120 138 129 20 50 77 145 25 65 79 136 142 100 94 95 99 38 139 98 53 105 137 39 45 68 185 30 89 106 24 132 160 172 17 48 146 27 127 9 60 59 148 33 119 19 16 57 175 174
131
110 30 40 60 122 113 43 45 65 37 116 99 17 6 81 22 12 109 15 20 92 82 47 36 106 26 11 49 95 79 87 90 128 3 96 61 121 119 19 55 115 24 70 48 66 105 32 126 91 111 104 53 88 68 39 9 123 72 44 52 130 38 50 64 1 31 74 120 125 118 93 54 89 63 51 83 101 73 41 13 75 78 98 127 58 124 77 84 18 94 28 59 117 10 8 114 85 71 46 7 62 4 86 29 25 14 112 57 16 97 108 33 34 56 69 2 131 80 103 100 5 35 23 76 27 42 102 107 129 21 67
139
114 100 101 115 38 27 131 9 62 85 43 21 132 80 76 102 91 48 96 28 1 13 72 50 77 12 90 20 86 14 19 108 110 134 99 11 26 112 116 89 59 39 129 60 73 4 55 94 93 124 30 37 123 133 33 88 2 118 79 137 57 83 63 34 69 45 74 16 47 65 84 138 81 135 125 78 121 111 36 42 5 66 53 98 130 6 71 31 126 61 82 87 105 67 56 117 64 136 44 104 32 75 107 106 109 25 10 68 92 17 24 51 122 58 70 139 46 29 120 127 103 49 97 119 22 54 15 8 41 23 7 18 113 3 40 128 95 35 52
121
111 46 48 29 92 13 3 7 10 67 14 9 99 59 74 44 45 89 83 97 113 98 42 81 35 109 70 32 117 76 102 112 22 63 105 8 104 33 75 116 57 51 66 108 56 79 21 114 80 84 28 38 6 103 31 82 23 2 106 64 25 61 72 69 107 49 15 37 77 19 101 90 120 1 43 86 94 100 41 4 40 91 85 115 52 121 78 95 68 36 88 34 17 24 73 47 53 110 54 26 18 71 55 65 119 87 62 96 60 39 118 11 58 30 93 12 5 16 27 20 50
122
99 87 31 49 59 16 104 5 26 17 3 107 37 19 20 42 103 91 94 112 41 69 122 11 97 88 101 4 48 47 8 53 36 119 110 90 83 117 108 118 109 62 38 23 44 60 39 54 34 84 116 74 102 30 50 93 106 65 1 2 56 7 76 25 121 111 98 58 27 13 28 14 33 105 114 18 57 85 12 67 96 81 113 100 75 70 21 43 29 79 40 35 51 95 89 45 64 77 55 46 32 82 63 15 72 24 73 68 120 86 115 78 61 92 52 6 71 9 66 80 22 10
174
4 82 68 110 152 10 86 85 8 44 25 97 132 32 20 123 92 154 7 55 142 62 76 70 117 27 113 26 13 9 112 130 118 160 50 138 71 19 162 124 137 166 146 73 122 51 95 111 170 49 42 75 164 48 133 172 53 140 11 38 39 98 107 171 29 141 57 150 72 35 126 145 120 34 129 83 165 155 109 131 99 60 136 64 139 106 89 54 77 69 115 61 37 116 59 159 151 33 63 36 66 16 56 174 163 96 88 101 30 5 119 52 93 65 84 90 18 1 14 125 87 40 12 156 46 103 80 173 157 105 135 22 23 127 3 143 144 81 169 104 161 67 15 128 114 102 17 158 31 100 168 74 24 148 47 79 43 147 149 134 153 2 78 21 6 41 94 28 121 167 58 108 45 91
133
116 49 9 73 14 63 75 20 111 107 108 98 130 124 17 128 82 117 67 76 23 54 88 97 25 123 60 26 52 72 11 50 51 32 129 95 70 53 118 122 65 102 85 91 12 71 6 83 120 34 31 10 101 37 59 46 77 61 69 48 18 35 39 19 58 119 5 21 104 132 94 121 93 56 92 110 44 127 43 113 131 133 1 38 55 79 40 96 27 112 22 28 36 29 103 125 7 78 87 66 30 90 126 4 62 8 16 81 3 15 68 114 24 105 99 84 89 86 109 13 74 80 47 57 41 64 42 115 100 106 45 33 2
176
127 154 62 80 148 110 176 161 126 133 69 40 56 10 92 74 174 90 53 160 95 82 75 103 128 39 118 65 162 44 60 35 123 97 98 159 153 120 45 68 146 64 85 43 29 55 88 15 32 155 41 13 48 14 20 130 115 12 143 30 173 158 49 136 171 86 57 170 71 79 24 100 125 117 1 147 132 21 81 124 102 141 89 7 93 3 54 91 116 156 167 137 152 37 8 18 59 164 58 121 50 23 134 111 107 138 5 94 70 169 28 139 31 166 101 165 157 122 33 83 119 142 109 131 66 99 26 108 78 63 114 87 106 77 149 61 67 84 19 140 113 105 4 144 135 36 104 2 47 151 129 6 172 38 22 163 34 11 112 52 96 42 17 76 175 46 73 51 168 16 145 27 150 9 72 25
103
41 19 103 75 11 55 61 20 35 4 44 64 102 57 73 13 26 54 16 7 9 100 37 28 86 66 49 18 81 32 71 39 96 84 62 45 72 68 6 92 94 36 77 21 14 98 30 83 78 42 27 25 67 63 24 8 101 95 48 85 76 69 3 47 53 97 40 88 99 43 46 58 38 15 89 23 70 34 60 65 10 82 12 93 74 29 1 5 50 17 56 31 91 2 90 87 79 51 52 59 80 22 33
108
87 90 44 101 15 8 82 52 27 77 43 58 57 63 5 85 38 16 81 3 50 103 21 46 30 33 55 78 76 106 31 4 93 9 13 22 75 2 79 29 71 1 11 53 98 91 107 42 61 86 72 24 105 65 56 66 14 67 84 95 60 18 45 28 99 32 34 100 59 83 51 54 20 62 10 7 49 37 23 104 64 80 17 92 35 26 89 94 48 97 39 19 36 25 12 6 47 102 88 40 108 70 41 68 74 69 96 73
149
22 47 136 138 119 30 100 104 41 43 25 75 123 143 126 113 130 67 79 110 35 46 140 125 147 5 33 55 6 52 108 34 62 112 106 76 91 56 61 13 10 26 102 65 118 50 133 9 101 59 81 93 17 97 1 24 103 7 38 69 87 4 99 29 19 21 54 109 2 28 77 71 80 141 149 78 94 127 137 83 89 39 111 64 12 3 49 139 57 95 84 115 114 116 96 134 124 18 132 82 31 8 88 148 11 117 98 44 70 131 27 142 37 105 20 16 66 45 48 36 14 73 107 53 72 92 90 146 40 42 74 51 129 122 135 145 144 60 86 58 128 32 68 121 63 23 15 120 85
101
5 100 86 64 46 38 53 71 87 49 40 30 78 82 77 31 16 9 70 17 97 63 2 50 62 36 24 37 59 54 93 55 96 98 72 12 43 67 20 32 88 7 56 10 83 27 52 22 61 6 15 60 39 11 48 65 45 42 89 66 18 57 74 81 51 44 91 23 79 33 41 47 99 73 19 94 4 14 90 80 21 68 3 26 84 85 92 69 35 101 95 25 28 75 76 34 13 29 8 1 58
143
84 82 21 109 26 11 33 101 24 37 48 7 61 49 39 81 41 55 138 129 122 134 52 75 105 66 59 139 91 20 74 94 9 136 125 103 54 73 57 68 31 96 4 114 12 65 32 132 115 110 124 104 127 107 22 5 89 70 78 60 13 88 118 63 99 98 130 135 86 120 67 58 1 123 2 36 72 133 97 15 64 143 121 50 142 46 10 56 100 119 141 71 29 35 34 80 79 30 92 47 102 27 28 90 18 45 111 126 140 23 108 25 42 62 106 51 128 8 6 40 38 14 131 85 112 93 83 53 3 116 87 113 69 44 19 77 137 17 16 95 117 76 43
199
72 46 159 144 120 165 2 124 44 62 143 59 30 86 112 66 61 22 119 133 12 156 21 7 102 148 169 185 83 73 54 106 27 19 195 39 189 127 29 94 64 92 14 168 171 70 180 164 135 157 114 104 183 32 167 41 103 96 181 179 91 141 191 111 146 158 122 71 81 162 176 166 36 154 177 40 192 47 82 151 3 184 175 113 145 100 188 150 34 43 97 126 63 128 69 20 173 87 75 93 182 139 90 105 163 38 142 67 110 137 57 49 108 147 116 58 121 11 125 118 152 65 16 60 193 4 107 1 95 197 31 99 77 130 53 140 155 109 80 123 5 172 68 8 52 190 129 178 138 6 78 199 186 48 194 136 134 28 115 17 37 89 74 51 13 35 196 88 117 131 50 161 18 153 24 85 98 9 42 187 101 23 174 170 79 132 160 149 15 45 25 56 84 33 26 55 76 198 10
109
59 77 37 11 108 39 53 79 24 105 95 3 32 96 65 44 102 23 36 81 107 27 89 7 2 86 52 63 58 22 67 9 55 74 20 66 70 103 71 106 75 62 56 10 41 5 60 94 4 82 93 49 83 29 88 68 14 42 73 92 6 30 19 85 1 100 25 104 97 99 54 8 91 31 12 28 21 38 50 84 13 16 51 64 80 57 69 26 18 15 33 87 35 72 76 17 101 98 45 47 48 109 78 61 43 46 90 40 34
128
39 70 60 74 108 50 113 109 11 75 96 58 37 123 9 61 38 76 36 115 29 98 118 124 22 78 102 110 80 62 126 2 13 14 82 20 69 46 117 4 89 127 92 52 35 31 1 45 25 101 17 66 68 77 84 125 15 34 72 91 71 100 55 85 63 79 128 23 88 6 121 94 67 26 42 54 99 90 12 81 28 111 33 30 27 86 119 97 8 5 53 104 103 114 10 116 49 51 24 40 44 47 18 64 41 57 21 107 43 73 83 7 3 19 65 32 16 122 95 112 120 93 48 105 87 56 59 106
186
179 126 112 7 157 101 168 57 34 1 183 110 12 172 84 128 182 76 170 120 155 137 116 69 6 39 64 61 20 68 10 24 132 21 163 95 47 67 169 97 124 177 127 27 81 162 140 130 166 108 28 86 79 31 26 92 147 143 141 66 142 158 90 115 36 83 146 63 106 77 180 71 178 37 45 118 58 156 87 135 117 171 161 44 62 32 93 175 139 59 136 138 43 111 19 23 29 105 89 11 74 174 14 5 144 96 80 18 48 94 99 55 88 60 73 119 9 104 167 185 78 109 33 72 186 46 114 30 121 173 151 65 70 113 54 164 152 148 51 17 52 107 40 75 82 8 134 150 133 159 50 2 42 103 98 153 85 22 129 4 125 38 53 25 160 176 15 56 49 3 123 13 100 91 149 181 122 154 184 35 16 165 145 102 41 131
146
39 65 48 135 15 76 136 97 99 4 119 52 144 73 7 32 84 60 5 30 142 89 64 72 47 87 116 36 108 113 78 24 57 45 86 120 121 124 8 63 13 21 71 37 54 91 40 126 104 98 85 139 43 83 109 79 1 23 3 25 102 95 75 117 44 127 88 140 51 22 125 100 92 70 94 105 141 56 74 49 101 123 11 14 133 12 77 46 90 137 34 61 110 16 107 81 129 130 82 26 9 115 19 59 29 138 143 106 31 38 134 114 27 50 17 58 80 132 68 96 10 53 118 18 35 103 20 111 112 128 122 33 28 42 131 69 67 2 62 145 41 6 55 146 93 66
137
39 128 132 106 137 73 63 116 35 81 100 10 103 74 38 25 115 71 65 44 89 21 104 4 12 93 49 117 101 130 60 112 134 20 123 90 55 43 70 107 37 99 120 67 9 36 76 84 95 86 46 109 108 96 42 87 69 83 75 124 3 15 31 125 47 133 135 68 56 82 98 122 102 2 53 110 62 33 114 29 58 16 32 59 19 80 77 85 136 119 118 1 129 34 40 61 23 50 94 52 30 41 27 66 17 13 72 57 48 6 5 126 121 111 11 91 92 64 78 127 22 45 18 26 51 113 88 97 24 105 131 7 54 79 28 14 8
108
1 72 15 59 65 94 7 34 38 52 5 41 79 108 62 16 22 30 9 69 27 92 71 82 44 47 18 95 51 77 73 64 68 13 39 43 49 28 105 8 32 25 97 57 23 31 54 50 55 4 42 2 80 63 33 78 76 75 96 45 21 24 102 11 87 104 93 29 88 101 36 89 12 35 106 19 58 6 100 20 74 56 107 84 53 48 61 86 98 99 37 91 60 103 40 85 3 70 10 14 46 17 83 81 67 26 90 66
180
55 180 134 175 5 168 139 72 29 102 7 105 112 3 138 158 178 56 152 140 8 43 13 100 109 6 41 48 119 45 147 10 129 127 156 144 98 74 16 58 30 76 145 69 131 125 68 177 137 110 53 176 60 150 89 33 97 167 32 115 23 20 85 141 19 101 91 151 54 4 84 130 132 75 95 86 160 26 64 67 71 39 162 49 12 73 1 21 165 17 61 142 171 83 161 93 124 154 80 106 42 123 173 149 22 174 120 63 66 170 103 169 25 108 113 38 126 59 121 46 70 159 122 87 37 128 166 81 96 143 57 82 135 77 15 40 163 155 133 27 78 146 164 90 118 24 11 117 111 34 2 79 92 50 136 88 153 107 114 104 99 179 44 47 14 52 116 65 18 28 94 36 9 62 35 172 51 157 31 148
198
107 36 43 129 83 162 45 181 155 158 90 191 31 32 137 159 21 91 176 104 161 150 3 24 118 125 7 131 175 74 86 115 62 146 26 166 177 190 143 112 14 116 172 152 178 88 174 92 170 54 41 134 109 1 69 149 93 133 2 195 121 169 25 197 164 18 123 119 19 35 51 34 17 53 157 55 154 85 140 46 114 184 49 168 196 50 57 136 48 145 153 67 188 120 87 96 58 102 95 61 106 117 160 27 30 75 135 81 97 5 59 64 84 65 73 139 100 72 198 111 147 110 47 52 128 94 144 142 60 11 108 185 22 156 89 29 138 165 132 8 189 124 141 105 78 98 20 37 76 38 127 171 151 183 4 70 173 187 16 68 167 33 66 56 39 130 122 193 103 12 28 40 163 82 9 80 180 10 13 126 79 192 179 186 101 23 42 44 194 113 148 71 63 182 15 99 77 6
154
100 77 129 137 96 98 140 111 135 9 148 122 102 54 6 11 58 4 39 119 68 126 131 120 23 143 3 1 40 94 113 55 74 85 110 79 32 8 22 153 50 83 128 78 121 62 47 43 138 10 108 60 125 57 91 101 154 38 71 61 28 2 136 116 142 70 114 29 44 30 16 5 35 93 133 151 18 64 84 67 14 65 51 89 86 81 123 63 124 46 41 27 107 115 145 80 36 72 130 95 31 48 105 147 103 59 45 25 106 15 141 117 152 146 132 139 33 82 26 112 69 56 127 13 52 150 134 20 53 109 7 24 37 75 97 66 87 73 104 90 76 92 88 34 99 149 19 144 21 12 118 17 49 42
109
19 70 92 14 20 79 11 52 28 74 21 69 76 78 105 65 46 43 100 36 73 49 58 67 95 80 8 5 103 77 29 108 97 81 62 96 9 59 32 63 66 22 57 25 37 83 109 30 10 13 60 72 18 44 35 45 4 26 31 106 75 102 94 99 16 82 85 71 1 41 61 51 107 7 53 23 104 101 42 6 17 34 33 40 38 90 3 56 15 27 24 47 48 84 89 64 93 98 87 54 39 2 91 12 88 50 55 68 86
114
57 102 101 48 41 47 25 58 72 11 113 105 86 88 6 81 37 89 80 51 75 55 14 114 54 62 33 34 19 61 71 68 96 108 49 27 46 104 53 5 35 42 79 44 66 36 64 12 21 10 32 18 29 76 52 92 110 59 1 67 111 97 91 69 26 7 99 43 30 31 2 24 39 106 60 77 73 100 90 13 23 103 112 15 109 93 8 107 63 45 9 65 40 85 3 50 95 74 98 78 20 82 84 87 70 28 94 16 83 56 17 22 38 4
161
13 127 5 113 146 25 43 156 78 116 28 15 90 71 101 36 50 14 1 63 23 85 8 154 41 34 69 129 119 76 17 94 89 2 121 44 4 131 93 96 86 46 117 123 143 51 153 64 145 105 60 136 6 115 118 75 74 66 125 31 40 68 48 160 138 130 152 122 42 83 150 110 124 70 133 142 26 148 109 81 77 39 16 158 159 20 55 67 10 88 22 106 21 104 144 157 38 61 18 98 87 56 155 33 45 140 147 32 57 112 103 99 141 100 65 30 139 82 19 149 9 108 120 62 128 47 3 59 7 91 135 35 137 73 95 111 54 29 49 114 37 126 79 58 80 52 72 132 12 53 107 11 27 151 134 161 92 84 102 24 97
124
43 110 98 87 18 69 104 46 11 50 19 93 124 71 53 10 22 55 112 106 68 102 21 79 90 76 8 121 37 14 86 94 89 95 13 1 100 45 52 36 39 105 72 35 57 48 63 122 66 73 92 77 74 33 12 96 107 31 58 16 97 51 118 115 82 44 116 108 32 40 65 42 15 114 54 60 26 7 67 113 9 25 64 81 28 120 27 29 41 24 88 20 84 2 4 103 49 38 23 56 119 75 34 70 30 61 47 59 111 62 83 99 78 6 109 91 117 5 3 85 123 17 101 80
109
56 9 46 64 78 80 29 49 66 12 106 67 16 5 8 94 28 99 65 3 84 71 93 68 47 101 18 24 54 34 37 23 60 72 91 45 109 21 79 82 22 50 77 73 58 102 62 53 74 38 55 81 86 19 100 83 98 31 97 43 20 107 104 13 95 39 2 44 4 32 61 85 14 48 25 108 103 1 70 15 26 17 87 75 63 10 59 52 35 89 40 88 11 51 6 27 7 36 69 90 41 96 57 42 30 105 33 92 76
158
20 2 21 145 62 36 92 79 69 42 150 72 156 82 105 144 13 95 40 3 98 125 146 136 107 38 59 8 73 31 65 18 7 139 14 111 130 39 134 64 97 110 53 51 99 24 41 43 15 129 48 49 147 101 10 67 89 63 118 155 76 25 80 122 66 124 113 6 45 96 149 88 94 54 22 29 52 116 153 30 117 46 100 37 32 34 71 19 5 11 56 115 78 75 108 123 27 33 106 133 143 81 23 16 12 61 58 74 83 127 151 152 121 84 70 44 126 148 158 91 4 90 55 77 157 50 9 35 132 104 57 86 68 1 47 128 102 120 142 141 87 135 137 119 17 28 109 114 103 154 93 26 138 140 131 112 85 60
110
104 41 6 25 85 42 57 62 52 5 90 82 19 21 24 32 35 69 64 7 15 79 87 97 80 29 91 81 17 23 27 18 99 28 39 22 43 66 77 94 74 59 44 20 68 53 83 3 45 73 78 107 49 100 75 9 105 61 86 2 95 26 89 101 71 93 33 65 11 16 31 84 4 92 108 54 67 109 56 98 106 51 60 36 12 88 46 10 14 102 76 72 30 1 40 55 70 13 103 37 50 38 96 58 48 63 8 110 47 34
170
82 63 2 157 52 154 142 158 132 152 123 16 126 4 62 3 121 49 94 1 54 167 168 139 29 11 134 46 81 31 109 75 120 34 156 130 112 118 28 37 145 70 19 36 110 87 93 143 15 58 80 90 122 108 153 84 148 91 5 27 60 77 166 111 170 165 133 128 21 127 32 44 71 59 160 7 125 107 26 38 141 65 13 8 101 68 83 151 67 89 10 169 105 149 72 144 96 88 146 39 9 135 97 23 119 56 18 64 103 85 40 25 35 159 98 55 53 33 104 114 92 74 124 30 137 155 117 78 86 138 6 102 140 57 51 48 106 43 164 50 47 17 131 20 66 41 147 45 163 99 95 116 150 129 161 69 12 22 14 73 76 162 24 115 42 136 61 100 113 79
187
169 185 35 138 90 79 148 61 14 118 82 157 42 18 53 168 77 72 26 71 113 5 75 4 170 109 39 186 179 100 124 131 136 8 176 55 34 144 120 150 146 15 175 36 73 153 60 158 102 129 68 40 114 95 171 91 23 19 104 156 122 86 12 45 178 46 123 133 139 87 145 172 142 174 182 152 21 54 93 115 107 166 181 103 105 44 155 66 151 116 106 149 110 117 128 56 50 43 164 13 132 130 7 11 29 154 31 140 58 112 1 101 9 30 127 108 22 24 51 70 57 3 63 162 83 84 28 27 88 177 64 141 160 183 165 89 135 20 180 96 32 119 37 74 187 69 173 17 78 67 76 81 10 159 98 25 85 80 41 147 2 16 163 99 59 161 126 48 62 38 121 134 94 6 92 49 125 97 65 143 184 137 167 111 47 33 52
113
50 76 3 19 83 61 110 64 93 31 45 81 80 41 62 21 34 84 67 96 17 98 63 26 38 27 71 9 25 99 77 8 7 100 47 43 49 65 90 24 18 54 36 51 58 113 52 97 48 95 70 5 109 37 66 40 92 13 103 23 82 55 53 111 46 56 72 79 44 112 15 104 35 87 89 39 42 14 59 85 29 10 16 1 68 78 94 2 105 57 102 91 106 101 73 20 60 75 32 74 108 107 69 12 88 6 22 28 4 86 11 30 33
163
80 97 143 93 18 21 108 132 46 27 138 64 61 48 66 111 19 63 49 129 22 103 161 71 131 151 73 79 91 9 152 116 33 95 127 162 70 87 92 94 15 41 154 25 74 67 62 124 113 119 24 3 98 89 101 156 163 12 114 11 85 51 115 102 5 30 36 16 96 122 147 8 60 26 1 52 39 84 23 110 146 72 141 100 120 76 20 137 145 50 10 90 135 81 83 47 55 75 53 160 157 31 144 123 130 6 57 56 68 69 155 13 82 45 88 78 86 54 150 38 153 128 142 99 109 158 105 106 32 58 125 118 29 14 37 133 112 126 34 121 139 43 104 148 77 107 2 4 17 65 42 136 28 149 117 134 44 35 40 7 140 159 59
126
76 10 20 35 67 7 63 21 114 104 105 125 46 118 112 42 57 55 78 113 103 65 77 68 73 86 80 87 8 19 79 83 75 61 92 54 38 15 18 28 2 1 98 47 48 126 25 36 116 27 22 51 66 97 58 40 29 123 33 49 88 12 11 120 17 124 52 59 90 122 14 56 119 41 74 5 91 64 115 43 84 82 69 72 99 9 37 4 30 13 24 70 23 62 85 96 3 117 31 93 26 32 109 71 111 34 39 50 44 121 60 108 45 16 53 89 100 81 110 102 107 106 101 95 6 94
159
15 16 63 95 65 136 61 104 114 10 57 43 55 51 116 128 154 90 21 94 108 67 70 11 45 71 56 112 24 38 127 106 140 75 88 143 155 27 150 66 130 12 44 87 20 129 35 40 26 80 102 14 156 84 49 96 122 159 78 117 139 19 111 132 147 153 18 138 126 119 77 22 113 81 149 36 72 152 7 131 54 118 151 148 99 33 125 41 109 52 133 1 5 48 3 32 60 107 17 79 103 141 8 115 157 110 29 134 73 124 144 13 158 59 37 68 53 34 146 76 97 28 50 30 82 85 91 64 101 39 69 4 123 42 86 89 98 9 25 47 137 62 2 135 145 120 74 92 46 83 93 31 23 6 100 105 58 121 142
178
92 120 108 33 62 19 64 3 176 72 22 11 141 156 6 43 114 61 32 20 52 161 105 2 173 131 99 86 102 155 85 104 125 128 28 46 112 101 5 91 38 110 4 73 75 87 51 59 143 50 138 9 119 144 13 139 63 69 65 71 157 83 41 39 115 137 7 175 60 129 136 142 23 29 159 74 122 150 12 146 113 135 81 35 123 96 148 107 147 79 76 100 174 80 56 44 130 89 42 40 1 57 124 88 106 17 109 166 111 170 152 34 140 158 98 30 169 118 18 58 66 178 14 55 163 31 25 95 68 47 134 84 162 151 132 177 168 117 24 116 70 94 171 8 121 153 10 37 103 49 164 82 15 36 78 67 90 154 21 126 54 165 160 16 127 167 77 48 172 145 97 133 45 53 149 26 93 27
196
79 165 100 180 76 114 49 90 82 22 123 91 39 42 47 54 56 148 154 153 146 176 99 106 107 93 182 80 89 4 83 84 58 65 75 5 118 110 98 133 186 45 11 174 145 69 17 171 168 120 34 21 159 131 137 30 77 13 103 88 64 144 156 37 20 134 142 175 125 150 124 19 6 3 111 1 78 104 2 46 66 126 128 36 161 51 10 32 55 132 167 92 102 60 193 57 28 16 187 130 74 112 194 7 73 105 116 119 50 140 41 63 85 188 158 177 160 25 162 27 68 185 169 127 72 96 40 115 192 170 33 122 38 143 141 71 151 87 109 29 53 18 138 189 9 136 95 48 26 183 24 70 135 155 113 81 97 121 164 44 139 191 152 173 86 23 147 181 196 12 117 184 94 61 108 179 166 190 157 163 67 35 52 62 15 14 172 59 195 43 101 129 178 149 8 31
103
9 30 98 16 80 27 38 83 54 51 53 44 19 33 36 68 45 18 37 91 50 8 25 59 95 56 6 88 24 29 32 12 89 15 97 60 13 46 101 99 93 90 78 94 84 40 4 92 57 63 69 102 1 48 52 43 3 75 67 85 28 79 61 14 58 47 82 103 64 96 70 35 62 66 11 17 20 76 39 71 5 26 42 41 72 77 34 31 81 23 73 87 55 10 49 100 7 21 86 2 22 74 65
146
112 8 63 69 47 70 51 31 34 117 79 95 91 2 58 122 98 108 74 25 72 48 43 7 103 50 89 81 77 20 93 144 130 64 88 44 118 78 106 6 10 128 33 19 121 146 17 22 86 100 75 135 87 126 114 38 11 49 3 4 107 66 96 85 137 55 142 1 23 131 102 109 40 14 16 60 59 62 113 76 37 82 97 5 13 57 73 18 24 53 71 83 54 129 132 99 61 41 56 101 35 65 29 136 9 52 120 45 12 32 68 123 46 15 115 116 28 84 92 125 127 139 145 134 111 90 110 138 80 26 143 42 30 21 105 94 119 104 36 39 141 124 67 27 133 140
101
43 79 56 48 1 52 93 84 63 98 4 96 82 75 54 68 34 66 20 67 51 38 80 85 58 77 35 12 99 31 5 69 57 13 55 78 86 7 76 23 47 72 15 29 45 44 37 22 25 89 71 91 73 6 97 90 60 33 41 18 59 83 49 24 21 8 9 81 92 100 19 62 88 32 36 74 64 42 46 39 3 65 26 16 95 30 11 101 40 14 10 27 87 61 53 50 17 94 2 28 70
187
25 131 46 154 5 166 169 30 69 95 150 96 65 146 144 61 29 149 156 129 111 39 184 59 99 130 162 120 64 12 153 53 133 55 75 36 177 4 127 175 100 27 145 186 113 50 92 33 137 80 107 21 51 147 106 58 76 45 70 118 170 85 116 182 122 115 67 119 93 1 98 56 135 71 103 174 16 136 157 89 172 57 42 123 43 17 73 112 48 83 183 104 32 44 63 167 52 13 158 168 117 38 72 2 141 185 8 74 101 163 19 178 90 126 6 62 24 10 47 165 187 87 81 3 160 128 37 40 26 164 94 173 14 142 109 54 110 15 159 7 97 121 176 132 20 125 78 9 140 180 148 138 84 102 82 151 108 88 171 161 91 155 86 11 68 181 114 28 23 34 179 139 79 41 60 134 66 22 49 77 124 18 31 143 105 35 152
111
61 11 87 37 46 58 70 32 48 85 4 51 83 65 6 96 55 72 79 91 34 80 99 95 59 7 41 68 69 110 84 5 52 47 24 3 100 88 19 33 39 78 77 44 98 56 9 36 90 38 35 111 75 82 86 26 45 22 104 54 10 25 13 89 60 66 57 64 102 8 2 76 15 81 93 107 28 97 73 14 40 23 29 20 42 43 109 12 27 31 30 71 16 53 18 17 103 94 105 50 101 1 62 92 106 67 63 108 74 21 49
167
48 166 93 19 31 148 58 86 125 112 121 152 11 94 5 4 134 54 49 162 141 144 67 60 12 22 8 120 158 124 38 39 41 15 102 109 123 105 147 44 114 150 118 78 63 46 45 23 153 115 73 113 127 116 128 9 98 24 53 106 28 74 100 27 70 50 92 66 136 130 140 145 33 87 36 1 51 64 59 16 95 108 76 29 157 26 135 138 85 131 75 84 99 82 164 25 2 43 55 34 97 37 79 83 155 13 142 167 137 90 160 89 149 56 62 129 151 126 146 65 6 159 163 161 154 104 103 7 40 71 165 143 52 111 35 122 21 119 156 10 77 69 96 88 139 30 101 133 81 91 14 42 61 20 18 32 132 68 3 17 80 47 57 110 117 107 72
120
63 26 47 93 51 53 99 41 108 107 52 14 1 64 79 116 119 48 111 97 82 75 38 59 68 91 87 19 25 71 46 21 80 117 9 83 113 12 110 74 98 33 8 23 96 60 85 94 65 56 29 104 10 18 3 77 105 34 72 30 69 89 6 24 27 112 35 17 81 109 103 43 5 88 54 4 90 37 40 36 76 70 100 44 57 101 73 22 78 45 55 106 13 32 50 42 2 62 114 11 102 7 84 61 92 39 58 115 28 67 95 15 86 120 31 66 49 20 16 118
105
67 49 51 94 63 74 86 93 77 104 13 95 90 99 100 70 48 91 71 76 12 1 50 73 103 27 24 19 9 30 46 79 66 28 20 53 21 102 29 35 36 83 37 31 40 52 26 4 75 61 81 7 96 62 54 17 64 42 92 44 18 89 69 85 33 80 87 97 32 14 38 39 5 3 101 11 45 47 78 60 55 98 34 6 72 2 68 84 25 65 16 88 59 57 105 22 8 58 43 10 82 15 23 56 41
177
69 84 14 2 148 80 33 78 55 85 76 101 109 177 93 30 48 79 83 156 163 58 18 105 97 130 174 106 19 170 70 138 140 133 57 68 110 128 142 10 141 11 146 145 131 87 132 81 114 25 103 75 32 108 91 90 172 9 153 151 22 72 152 159 66 12 28 54 41 34 6 161 7 164 143 150 37 3 31 15 67 38 149 63 167 4 73 169 51 158 100 23 123 59 102 61 77 62 126 60 171 42 71 43 5 56 50 92 125 124 16 121 115 45 175 120 155 96 46 147 64 127 13 160 173 21 117 113 36 107 27 82 154 98 86 44 135 168 1 166 40 24 95 134 26 94 116 39 122 157 49 74 47 52 104 89 176 165 136 20 137 144 99 88 29 112 111 129 53 35 17 139 162 118 65 8 119
164
17 46 87 154 107 69 122 91 97 49 140 150 25 142 138 42 155 123 119 12 92 151 102 41 20 77 153 23 38 93 27 158 44 54 84 3 88 11 39 22 110 9 10 8 95 40 121 34 109 74 99 145 160 58 33 50 35 66 132 70 26 52 124 162 137 125 161 32 94 48 148 90 36 100 55 127 73 135 117 129 103 63 114 5 108 72 65 60 141 51 126 82 164 67 116 16 156 24 64 81 157 144 68 57 75 128 104 112 136 21 113 80 111 56 131 4 2 37 118 1 83 163 43 61 71 96 120 115 130 6 76 47 19 14 159 79 18 7 133 31 29 86 101 134 149 143 45 62 139 106 98 59 15 147 78 85 89 28 146 30 13 152 105 53
151
83 43 126 128 23 26 62 139 71 136 10 112 143 127 9 114 99 133 16 22 12 3 116 4 60 8 137 131 107 82 151 75 80 77 76 44 102 93 147 117 125 42 109 35 52 94 88 13 27 74 97 30 64 34 20 149 36 31 90 72 141 50 135 40 73 70 140 138 46 17 106 85 45 79 150 25 19 95 32 67 11 121 119 24 124 63 144 96 111 14 110 89 53 49 68 21 142 145 129 18 56 78 28 132 39 65 123 61 7 92 115 57 130 91 108 47 15 58 134 59 6 104 69 146 2 101 66 1 113 29 41 55 148 100 118 84 5 54 87 98 105 51 37 48 120 103 33 81 38 86 122
116
113 36 59 22 75 101 57 48 73 98 20 29 32 91 107 67 114 45 33 80 110 71 34 8 26 108 31 17 77 100 92 38 42 106 4 64 95 85 83 30 37 19 65 1 79 105 2 24 51 84 102 16 52 39 63 112 58 3 115 82 7 53 56 68 96 10 13 88 12 11 60 104 61 69 35 49 87 25 43 74 18 70 47 94 27 15 89 6 41 28 93 44 97 5 50 46 21 90 66 55 76 116 78 111 9 109 99 40 62 81 103 72 23 14 86 54
100
84 80 66 40 87 97 17 54 72 35 32 21 22 78 74 44 6 61 16 29 12 67 53 96 57 5 20 39 45 34 91 31 51 52 63 30 56 81 76 50 100 11 62 70 41 71 49 37 36 2 65 75 24 95 90 8 15 64 7 46 86 3 55 28 58 69 42 94 9 19 88 38 27 68 13 99 60 48 14 47 77 59 10 23 83 26 82 79 73 25 92 4 33 1 89 93 98 85 43 18
173
50 33 68 30 61 163 2 8 122 145 104 66 73 108 97 112 169 36 117 63 44 161 46 65 37 128 84 82 96 69 153 42 133 1 5 124 11 120 26 110 151 67 172 158 45 43 147 135 98 106 118 27 78 9 165 23 32 164 7 34 3 134 90 103 13 125 91 31 121 38 51 16 154 55 58 92 22 54 123 116 94 76 160 162 62 19 99 114 53 39 159 115 29 57 137 28 148 105 107 41 155 131 71 136 15 170 138 4 173 166 60 95 18 152 52 47 83 6 24 72 89 12 93 126 157 77 70 80 35 86 79 56 139 88 142 85 113 167 21 40 140 109 87 14 132 25 171 20 129 102 75 130 146 143 127 144 100 150 64 59 49 10 74 111 149 81 119 168 101 17 141 156 48
114
18 56 41 49 34 52 112 20 43 10 19 58 8 87 96 90 98 1 67 85 113 103 2 23 14 62 86 9 16 42 80 24 32 7 92 44 68 82 31 37 22 57 4 45 95 83 35 3 64 74 110 61 106 46 107 47 5 25 111 81 13 17 27 36 29 108 53 99 33 66 102 114 12 77 28 11 70 72 104 100 76 79 101 93 30 105 88 84 94 38 69 109 63 65 40 78 51 26 73 6 97 55 91 60 48 59 21 71 15 50 54 39 89 75
103
65 30 91 61 38 12 54 44 77 79 71 25 20 22 98 21 42 7 69 51 9 29 57 88 15 99 13 32 60 39 70 80 76 67 4 47 36 86 45 56 68 101 63 10 103 46 95 100 41 74 72 97 66 11 78 14 37 75 93 73 23 85 17 6 34 48 102 26 50 64 19 87 83 92 40 33 53 52 1 35 24 5 81 59 43 28 49 62 90 89 31 84 3 18 8 16 82 94 2 96 58 55 27
147
125 48 81 54 135 57 97 94 100 107 89 60 38 127 116 139 129 69 3 29 10 83 42 22 92 28 39 123 24 43 147 143 140 16 96 50 62 124 110 47 133 114 64 6 67 144 15 4 137 5 12 18 32 113 71 31 106 9 99 19 128 109 70 77 102 34 21 84 104 52 11 73 33 90 2 78 86 59 51 101 112 118 41 8 23 134 111 105 20 126 13 37 85 40 55 95 103 36 131 45 68 26 130 132 117 115 93 14 58 79 35 91 119 122 17 27 56 25 120 108 80 74 87 136 61 72 66 138 30 49 46 53 145 1 63 7 82 44 146 65 142 76 98 88 75 141 121
128
91 90 13 80 26 35 67 77 48 64 16 38 72 79 119 10 96 17 85 12 62 5 28 84 9 102 83 18 107 7 36 94 111 120 125 6 68 88 49 81 42 106 19 52 33 82 66 57 128 116 53 20 103 73 11 122 117 76 55 51 89 86 105 63 78 112 44 25 92 56 59 45 98 29 108 109 50 110 123 1 31 61 27 15 41 30 22 4 24 115 2 113 21 37 65 54 118 95 99 47 32 46 70 104 69 3 40 74 121 75 124 43 126 101 39 8 87 100 34 71 14 127 60 97 114 58 23 93
185
176 114 113 181 163 70 38 115 160 17 45 20 123 31 16 25 150 74 157 41 36 140 180 2 96 149 60 88 171 135 112 55 141 128 76 136 134 33 40 78 108 137 9 147 167 15 184 64 116 46 81 57 21 11 71 166 87 53 127 130 4 169 175 59 77 155 37 34 29 61 63 42 109 54 43 126 3 75 93 39 95 73 145 49 103 185 120 110 66 10 32 86 13 97 161 158 19 14 121 107 182 79 138 69 26 174 151 80 67 92 146 143 100 173 72 148 104 22 102 101 168 118 172 85 159 132 177 99 152 27 117 125 83 48 142 51 84 65 30 7 139 90 133 44 178 12 35 111 89 18 23 82 162 154 68 52 50 5 164 47 24 153 98 58 62 124 129 105 170 6 119 1 28 94 165 8 131 144 183 122 179 106 56 91 156
110
100 7 32 9 3 47 71 24 18 56 89 65 64 2 60 78 62 20 6 44 27 59 69 104 15 103 4 54 34 57 53 99 101 82 105 97 77 50 88 66 72 36 10 76 38 63 52 35 86 102 87 95 45 94 40 81 98 39 25 75 16 46 42 96 85 30 23 13 58 90 93 33 106 26 19 73 22 43 61 68 108 29 92 31 107 55 79 17 83 1 37 49 67 48 28 84 51 11 12 91 109 21 8 5 80 41 110 14 70 74
178
113 80 27 157 116 75 40 56 74 36 138 112 168 133 64 14 127 23 121 78 96 21 12 154 175 33 29 108 104 57 89 178 61 67 111 167 71 85 150 151 41 37 159 142 105 86 160 81 70 34 99 149 148 5 11 174 76 139 9 156 152 55 16 69 30 15 3 66 63 93 38 130 171 163 73 49 129 20 82 94 135 165 7 146 25 84 101 72 65 170 50 90 54 19 8 52 88 24 103 143 28 162 32 153 68 35 1 169 100 31 97 110 77 13 141 39 123 59 47 18 144 131 115 120 102 158 176 164 43 114 155 137 125 45 106 6 145 44 134 173 107 132 60 122 2 128 17 46 95 119 42 98 117 92 91 26 177 161 109 58 126 166 124 4 140 118 79 83 10 147 53 87 22 62 51 48 136 172
166
75 140 141 54 60 48 36 93 35 128 24 61 98 50 132 146 123 161 13 112 52 165 142 44 76 59 115 151 25 15 84 134 37 108 9 26 150 87 154 2 118 4 68 122 11 133 83 53 157 16 135 27 91 18 106 105 73 158 153 121 96 164 49 148 12 81 101 47 113 156 43 30 69 145 126 143 62 155 104 100 71 77 58 1 80 56 127 41 124 119 163 46 117 103 86 65 102 5 33 19 99 136 57 125 28 21 111 139 109 88 3 85 162 14 152 31 159 82 23 40 166 6 160 147 70 129 32 114 97 89 22 8 38 51 34 20 116 144 74 149 78 29 110 137 79 10 55 45 63 66 7 94 67 95 92 72 131 120 64 107 138 17 39 42 130 90
165
140 144 141 120 37 21 155 147 77 43 112 5 104 107 122 7 54 143 101 38 3 86 146 56 15 46 17 142 41 24 91 148 62 57 27 85 129 65 74 93 70 109 162 116 151 92 18 134 136 157 51 45 71 106 55 158 96 10 29 154 128 133 20 12 13 100 159 69 164 87 89 125 78 53 49 99 66 82 102 64 137 63 131 80 50 79 76 113 156 14 58 32 83 132 8 25 68 90 153 126 16 103 88 75 34 149 135 97 95 108 67 44 124 127 160 72 39 52 40 30 152 121 119 115 31 118 117 28 60 26 33 161 22 139 123 36 105 84 9 94 130 110 35 6 163 2 59 145 81 98 114 11 48 23 1 19 47 61 138 4 42 111 150 73 165
135
15 122 84 46 59 98 12 35 44 28 66 113 123 120 79 128 36 27 14 127 72 50 116 117 57 62 102 49 68 10 92 78 109 118 83 64 67 7 121 38 94 130 95 51 8 60 42 4 73 30 74 88 100 93 125 53 99 63 21 26 97 22 45 85 104 112 110 19 89 9 5 18 2 106 34 133 90 37 134 119 43 129 48 69 71 1 81 115 40 86 80 131 13 91 20 132 61 108 17 65 55 114 58 52 39 82 56 16 29 124 24 75 25 23 107 70 96 47 105 31 103 135 77 126 33 54 87 6 41 101 111 32 76 3 11
106
73 17 8 31 87 16 32 90 89 54 92 48 49 64 34 93 99 35 61 12 26 11 76 91 4 39 53 77 101 44 27 5 78 25 81 15 56 3 40 59 95 58 14 94 63 7 103 51 47 10 30 67 60 83 6 88 75 85 68 86 74 19 71 84 45 100 28 36 66 65 46 102 98 37 80 52 69 55 23 97 42 50 41 9 1 13 22 20 24 33 21 82 79 18 106 72 29 2 62 104 70 43 96 38 57 105
157
96 20 62 61 1 116 57 52 12 137 14 66 104 78 142 99 141 124 24 63 139 13 55 32 37 93 44 147 112 36 48 15 129 156 40 34 92 126 49 111 43 83 132 35 74 79 136 120 84 4 118 90 134 56 88 67 86 6 53 148 27 153 9 89 7 16 121 95 39 64 143 54 131 151 110 97 103 2 152 128 70 82 133 47 106 98 41 11 113 19 102 68 10 65 100 94 146 108 31 80 30 45 130 85 149 155 42 119 135 150 33 50 114 77 101 22 105 28 25 107 59 5 8 73 75 117 81 144 154 138 87 123 140 145 18 29 127 69 58 23 17 3 51 26 122 72 71 91 157 76 109 125 46 115 38 21 60
164
117 123 40 38 9 92 122 100 46 66 143 144 4 18 98 31 28 74 83 94 141 114 162 82 58 67 62 142 51 119 135 36 150 45 111 55 16 81 149 154 125 78 158 75 113 12 29 49 129 20 91 65 72 37 42 79 128 134 53 159 90 155 145 52 56 68 156 106 138 108 1 109 3 76 115 30 127 54 47 131 63 17 105 102 120 161 99 14 69 139 11 88 44 19 101 95 85 13 136 121 5 64 27 25 157 15 60 152 61 7 86 77 6 107 73 148 35 33 153 84 97 50 8 48 23 34 24 147 118 26 164 96 151 21 130 87 93 2 103 160 126 132 39 163 146 32 140 137 41 80 57 110 112 71 10 116 22 89 43 70 133 59 124 104
144
119 120 53 44 49 110 118 23 75 41 52 1 51 48 67 132 55 71 29 143 114 12 97 125 109 47 87 56 62 22 89 58 50 28 10 117 105 77 63 43 30 54 131 135 7 100 86 9 124 14 45 94 65 18 26 39 31 136 24 138 96 68 13 121 144 19 69 81 11 74 141 76 92 113 17 128 91 82 70 34 42 73 15 126 88 134 101 104 99 140 103 37 40 112 83 116 93 107 98 2 111 130 46 79 27 122 129 3 115 33 21 80 64 61 102 139 25 84 16 8 90 66 72 123 20 85 5 133 60 36 6 106 35 137 127 32 4 95 78 108 142 59 38 57
122
113 77 93 42 10 18 72 59 35 16 58 15 49 50 87 96 24 119 95 37 91 116 44 19 20 99 3 46 85 112 89 9 61 80 33 118 30 84 114 106 100 64 122 5 102 43 13 54 97 105 68 62 115 120 27 8 108 104 4 111 41 92 22 12 63 14 39 66 79 11 121 101 98 57 74 71 38 17 109 40 53 110 70 21 60 23 69 94 117 48 1 36 51 31 45 56 32 67 55 90 83 82 78 81 65 7 2 75 47 52 29 88 25 76 34 86 73 26 103 107 28 6
103
2 50 73 68 94 45 72 12 95 82 67 30 74 79 77 11 93 35 14 85 91 101 21 90 7 86 52 27 25 39 34 96 5 63 69 103 97 64 53 33 48 31 92 26 3 87 57 66 1 28 10 8 89 36 81 46 32 51 61 76 24 58 62 38 71 47 42 43 102 70 19 15 56 88 78 20 16 59 17 29 55 13 49 75 98 4 60 22 9 99 54 40 18 44 80 37 41 100 84 65 6 83 23
193
10 48 66 123 187 1 4 37 150 21 31 108 34 18 158 55 64 84 163 147 170 96 107 148 63 27 65 114 61 190 154 43 7 100 87 91 102 110 119 76 14 75 184 155 74 19 13 90 103 28 5 189 62 141 118 12 171 72 153 166 131 22 17 3 121 15 127 113 182 16 2 81 50 104 120 179 159 130 193 78 174 25 83 9 180 60 186 70 80 112 177 51 11 125 54 49 167 129 32 176 161 6 45 77 24 98 124 116 73 168 44 88 106 38 169 92 79 8 23 136 181 20 128 160 58 93 156 183 53 178 144 85 152 36 56 30 29 117 157 71 151 143 133 146 101 47 57 82 35 109 192 40 59 89 69 41 46 162 137 26 105 39 138 33 99 122 135 173 94 140 149 42 126 142 115 52 132 188 185 164 145 95 134 165 191 68 139 86 97 172 111 67 175
186
71 106 66 125 168 15 23 138 70 142 185 170 38 50 121 32 119 73 100 132 14 133 56 169 118 42 34 139 39 166 171 58 86 163 161 46 175 31 126 63 178 124 24 128 78 62 3 150 137 130 108 179 101 94 176 11 184 99 164 181 155 157 57 83 16 80 95 8 28 154 27 48 19 65 183 111 152 20 182 174 146 25 13 7 110 36 35 177 167 114 159 104 153 40 98 134 84 77 45 72 115 103 41 9 75 18 1 96 105 53 129 74 145 69 97 5 60 165 68 49 156 12 54 22 6 59 151 79 122 162 61 135 143 140 82 147 123 120 52 172 29 92 109 180 160 10 149 17 136 173 186 116 43 127 26 21 148 37 30 93 44 76 4 158 51 55 87 88 91 107 89 131 47 67 64 144 81 112 117 85 90 2 141 33 113 102
176
131 2 5 157 91 11 120 31 142 33 134 98 21 9 109 94 102 108 155 84 80 107 112 143 87 34 145 152 66 62 154 175 173 103 69 36 125 137 53 93 169 129 123 148 135 117 105 28 72 101 83 59 77 20 26 165 133 151 43 10 92 35 60 71 32 29 75 97 58 127 160 13 63 88 159 174 57 49 166 85 172 114 168 14 132 90 150 140 82 37 96 16 38 61 147 25 41 68 141 171 56 122 124 95 81 12 54 4 6 163 111 8 48 44 70 65 52 78 24 19 162 30 149 138 74 47 121 167 116 3 51 45 118 113 15 161 170 64 100 158 164 39 139 1 7 22 86 128 104 89 46 18 17 67 73 156 144 119 153 23 136 40 50 42 106 27 176 79 146 55 110 99 126 130 115 76
106
86 78 72 68 17 12 96 49 52 24 59 90 87 97 38 19 89 31 100 105 39 16 83 11 67 98 15 34 5 92 57 48 64 20 46 79 55 54 63 36 61 80 1 104 27 4 29 22 42 69 85 35 76 103 13 47 32 102 73 6 56 28 8 71 82 106 75 66 40 10 51 50 43 74 14 65 53 44 33 94 18 9 3 21 77 99 45 101 26 70 2 93 23 37 30 41 84 88 60 81 58 25 7 95 91 62
108
33 72 66 4 79 41 38 14 28 57 36 58 63 99 26 90 68 60 67 75 16 1 87 50 92 104 7 22 69 86 97 32 35 83 81 96 78 23 55 18 80 6 52 74 82 51 40 3 56 15 37 20 21 77 10 24 42 98 95 105 46 13 45 12 108 71 44 106 49 54 48 93 29 27 64 73 102 76 2 65 103 100 43 39 91 8 11 89 88 101 17 70 34 107 53 59 30 84 5 85 31 9 94 47 61 25 19 62
198
165 98 34 40 9 45 85 178 61 8 55 134 68 60 11 110 31 194 162 66 100 2 149 197 21 135 118 95 164 152 146 90 49 188 46 177 189 39 81 20 145 77 180 115 109 33 184 94 41 57 59 64 105 155 23 144 54 131 113 79 58 174 24 51 69 74 142 154 111 161 128 38 119 137 127 75 93 26 139 122 52 44 133 106 6 86 4 80 27 3 179 32 89 102 87 18 37 171 70 120 17 183 7 47 15 28 50 22 170 195 117 167 150 125 182 181 14 159 193 187 143 191 67 158 196 63 153 19 91 78 88 84 123 43 160 130 148 30 104 96 76 185 5 48 35 176 175 172 132 151 108 168 72 163 83 1 140 82 138 71 198 166 65 56 126 10 169 62 42 156 97 99 53 192 73 173 136 186 36 16 29 124 101 13 103 112 141 147 157 25 107 190 92 114 129 12 116 121
145
66 92 32 15 89 62 59 37 81 26 55 77 79 141 1 128 29 117 80 108 57 58 7 78 96 40 98 95 8 63 47 84 120 137 76 20 73 133 25 144 130 145 31 129 116 71 143 99 9 142 21 107 33 45 135 105 140 112 27 39 68 101 3 4 14 136 34 6 22 115 43 91 122 54 124 30 19 16 53 23 134 56 17 46 67 119 75 97 87 10 83 121 28 132 49 85 18 82 12 42 90 118 106 44 123 127 138 13 109 126 139 35 5 70 113 93 61 64 102 88 114 100 103 131 69 36 74 48 104 86 50 41 11 72 110 24 94 52 125 51 111 2 38 60 65
196
158 103 27 57 92 183 93 99 164 39 100 64 52 102 4 53 21 32 80 174 114 131 6 107 185 162 81 182 181 134 141 142 13 159 17 129 175 26 97 30 45 46 187 76 10 135 95 125 66 8 67 194 38 69 191 156 139 62 59 150 124 55 84 121 25 178 23 58 7 192 126 172 47 119 22 61 31 1 147 91 96 168 40 16 70 177 5 111 196 116 14 136 28 104 169 86 160 166 167 89 179 50 132 2 186 145 117 109 44 152 140 79 94 78 98 41 18 54 35 137 105 113 34 189 128 15 144 180 193 33 138 20 77 106 83 188 155 11 88 171 72 48 112 184 110 151 122 115 19 161 170 157 71 42 65 68 153 149 36 75 73 130 49 165 87 173 146 74 163 190 127 3 176 56 29 143 24 148 51 12 154 118 123 101 120 108 90 43 195 60 37 85 63 133 9 82
