101000000000000000010000000000000000000000000000101000000000000000000000010000000000000000000000000000000000000000100000000000000000000000000000001000000000000000000000000000000000000000000000110111
10000000000000000000000000000000000000000100100000000000000000000000000000000010000000000000000000000000001
111100000000000100001001000000000000000000000000000000000000000000000000000000010000000000000000001000011
110000100101001000100000000000000000000000100000000000000010001000000000000000100000100010000000000000000000000011
1000111001000101001010010000000000000000000000000000000000100000010000000000000010100000000000000000000110011110011
1111000001000000000000000000000001000000000000000000000000001000010000000000000000000000000000000000000000000000000010000000000011
1110001010000101001000000000000000000100000000000000100000000000000000000000000000000000000000000000000000000000000000000000000000000000000000000000000000000000000000000001000000000000010010011
110000001000101000000000000000000000000000000000000000100000000000001000000000000000000000000100011111
1001100000000000100000000000000000000000000001000000000100100000000000000000000000000000000000100000000000000000000000000000000010110001
111000000000000000000100000000001000000000100000000000000000000000000000000000000000000000000000010011010001
10010001000000000000000000000000000100000000000000000000000000000001000000000000000000000000000000000000000000100000000000001000000000000000111
10000000000100000000100000010000000000000000000100000000001000001000000000000000000001000000000000000000000011
10010000010000000000000000000000000000000000000000000000000000000100000000000000000000000000000000010000000000000000000000100001
1000100110000000000000000000000000001000000000000000000000000000000000000000000000000000000000000010000000000011000000000000000000010000000101
110000000000000100000100000000001000000000000000000000000000000000000100000000000000000000000010000000000000000000000000000000000000000000000010111
1100100000010000000000000010000001000000000000000000000000000001000000000000000000000001000000000000000000000010111
1100100000000000000000000000000000000010000000000010000000000000000000010000000000000000000000100000000000000000000000000000000000000000000000000000000000000000000000000100000100000000100111
1000000000000000010000000000000000000000000000000000000000000000100000000000000000000000000000000000000000000000000000000001000000000000000000000000000000000000000000000000010000011
101001000000000000001000000000000000000000000001000000000000000000001000000000000000000000000000000010000000000000010000000000000000000000000000000000000000000000000000000011000000000111
10110000000000000000001000000000000001000001000000000000000000000000000000000000000000000000000000011000000000100000000000000000000000000000000000000000000000000000000000000000000000000000000110001
1100000000100000000000000000000000000000000000000000000000000000000000000001000000000000000000000000000000100000100000000000000000000100000000000000000000000000101
111000000000000101000100000100100000000000000010000000000000000000000001000000000000000000001000000000100000000001
11101001000000000000000000001000000000000000000000000100000000000000000000000000000100000000000000000000000000000000001
111000000001000000000000000000000000000000101000000000000000000000000000000100000000000000000000000000000000000000000000000000000000000000000000000000000100000000000000000010000000000101011
1100000000010000000000000000000000000000000000000000000000000000000000001000000000000000000000000000000001000000000000000000100000000101011
100000000010000000000000000100000000000000000000000000000000000000001010000000000000000000000000010000000000000000000000000000000000000000000000000000000000000010000000000000000000010001
110101010100000000000000000000000000000000000000000000000000000000001010000010000000000000001100000000000000101
1100010000001010000000000000000000000000100000000010000000000000000000000000000000000000000000000001000000000000000000000000000000000100010000000000001000000000001
11000001000000000000000010000000000000000000000000000000000000000000000000000000000000000000000000000000000000000000001000000000000000000001100000000000000000000000000010000000101
11010010000000000001000000000000100000000001000000000000000000000000000000000000000000000000000000000000000000000000000000000000000001000000000010000001000010010101
11110001000000010000000000000000000000000000000000000000000000000000000000001000100000000101000000000000000000000000000000010000000000000000000010010010101
1101001010000010000000010000000000000000000000000100000000000010000000000000000000000000000000000000001000000000000000000010000000010000000000000000000000000001000000000000100000011
11100100000010000000000100000000000000000000000000000000000000000100000000000000000000000101000100111000000000101
1100000000000000000000000000000000000000000000001000000000000000000000000000000000100000000000000001000000000000000000000001000000000000010010111
111000000000000000000000010000000000000000000000000000000100000000000010000000000000000000000000000100000000000000000001000010001000111
10100000001000000000000000000000000000000000000000000000000000000000000000000000000001000000000000000000001000000000000000000001000000100000000000000000001
1010000000100000000000000000000000000000000000000000000000000000000000000010000000000000000000000000000000000000000000000000000000000000000000000000001000000000000000010000010000000000001000000001011
10100000000100000001000000000000010000001000000000000000000000000001000000000000000000000000000000000000000000000000000000100000000011
10100000000000000000000000000000000000010000000000000000000000010000000000000000000000010000000000000000010010000000000000000000000000000001010001
1000000110001000000000000000000000000000000010000000000000000000000000000000000000000000000000000000000000000000000000000000000000000000000000000000000000000000000000000000000000000000000000010011
111000000001000000000000000000010000010000000000000001000000000000000000000000000000000000000000010000000000000000000000000000000000001000010000000000000000001
11100001000000000000000000000000000000000000010100000000000000000000000000000000000000000000000000000000001010111
110101001000000100000000000000001000000000100001000000000000100010000000000000000000001000000000001011
111110000000000000000000000000000000000000000000000001000000000000000000100000000000100000000000000000001000000000000000000000000000000000000000000000000001000000000000000001
1011000000000000000000100000000000000000000000000000000000000000000000000000000000001000000000000010000000000000000000000000010011
11000100000101100000000000100000010000000000000000001000000000000000000000000000000000010000000000000000000000000000000000000000000000001000000000000000000000000000000000000010000000001001000011
11100000000001000000000000000000000000010000000000000000000000000000000000000000000000000010000000000000000000000000000000000001000000001011
10010000000010000000000000000000000100000000000000000000000000000000000000000000000000000000000000000000000000000000000000000000010000000000000000000000000000000000000100000000000000000111
1111000000010000000000000000000010010000010000000000000000000000000000010100001100000000000000000000000100000101011
1100000000100100000000100000000010000000000000000000000000000000000000000000000000000000000000000000000000000000000000000000000000000000000000000000000000000000000000000000100000100000110011
11001001000000000000000000000000000000000000000000000000000000000000000010000000000000000000000000000010000000000000010000000000000000000000000000000000000000000000000000000000001000000100000000001
100000001010000000100011000000000000000000001000000010000000000000000000000100000000000000000100000000000000000000000000000100000001000000001001
11101000000100000000000000000000000001000000000000000000000000000000010000000000000000000000000000000000000000000000010000000000011
1000000000100000001000000000000000000001100000100000000000000000000000100000000000100000000000000100000000010011
1000000010000100000100000010000000000000000000000000000000000000000000000000001000000000000000000010000000000001000000001000000000000000000000000000001000000000000000000000000000000011
10000100000000000010000000000000000000000000000000000000000000000000000000000000000000000000000000000000000000000000000000000010010000000011000001
1000000001010000000000000000000000000100000000000000000000000000000000000000000000000000100100000000000000000000001000000000000000000000100000000011010001
1001000000100000000000000000000000000000000000000000000000000000000000000000000010001000000000000000000000000010000100000000100000001011
11001000100000000000000000000000001000000000000000000000000000000000000000000100000000000000000000001000001000000000000000000000000000000000000001001000011
100100010000000000000000000001000000000010000000000000000000000000000000000000000000000000000000000010000000000000000000010000000000000000000000000000000000000000000000011
1001000000000000000000000000000000000000000000010000000000000000000000000000000000000000000000000000000000000000000000000000001000000000000000000000000000010000000000010100000000000000000000000001011
10100010000100000000000000000000000001000000010000000000000000101000000000000000000000000001000000000000000000000000000000010000000000000000000100000001001001001
11010010000000000000000000000000000000000000000100010000000100000000000001000000000000000000000000000000000000000001
110000000000000000000000000000000000000000000000000000000000000000000000000000000000000000000000000000000000000000000000000000010000000000000000000000000000000000100000000000000000000011
11000000000011000000000000000000010000000000000000000000000000001000000000000000000000000000000000000000000000000000100000000000101
1100110100000000000010000000000000000000000000000000000000000000000000000000000000000000000000000000000000000000000100000000000000000001101
1101011000000000000000000000000000000000000000000000000001000000000000000100000000000100000000000000000010000010001000001
11100101001000000000001000000000000000000000000000000000001000001000000000000000000000000000000000000000000010100100000111
100000000000000000000000000000000000000000000000000000000000000000000000000000000000000000000000000000010000000000000100000000010000000000100000000000100000000000000000010101
1110000000000000000000000000000000000000000000100000000000000000001000000000000001100000000000000000001000000000000000000000000101111
10100010000101000000000000000000000000000000000000000000000000000000000000100000000000000000000000000000000000000000000000000000000000000000000000000000000000000000100010001011
1110100001001000000000000000000000000000000000000000000010000010000010000000000000010010000010110000101
101011000000001000010000000000000000010001000000000000000000000000000000000000000000000000000000000010000011
10000000000000000000000001000000000000000000000000000010000000000000000000100000000000000000000000000001000000000000000000000001000000011000100100011
10000000000000000000001000000000000000000000000000000000000000000000000000000000000000000110001000011
11100100000100000000000000000000000000000010000000000000000000000000000010000000010010000010000000000000000010000000000000000000000000001000111
1100001000000000000000000000000000000000000000000000000000000000000000000000000000000000000000000000000000000000000000000000000100000000000000000000000100000000000000000000000000000000000000000000011
1011000000010000000000001000000000000000000000000000000000000000100000000000000000000000000000000000010000111
10000000100000100000000000000001000000000000001000000000000000000010000000000000000000000000000000000000000000000000010010000001
111100000100000000000000000000000000000000000000000000000000000000000000000000000000000000000000000000000000000000000000000010000000000000000000000000000000000000000000000000000010011001
10001000010000000000000000000000000000000000000000000000100000000000000000000000000000000000000000000000000000000000000000000000000000000000000111
10001000100100000000000100000000000000000000000000000000000010000000000001000000000000001001000000000000000000000000000000000000001001111
100000000000010000000000000000000000000000000000000000000000000000000000000000000010000000000100000000000011
110010000000010000000000000000000000000000000000000000000000000000000000000000000000001000000000000000000000000000000000000000000000000000000000000000000000000001000000000000010101
110000000000100010000010000000000000000000000000000001000000000000000000000000000000000000000000000000000000000000000010000000000000000000000000000000000000000000000000000000000000000000001000010111
1100000001000010010000000011000000000000000000000000000010000000000000000000000000000000000000000000000000000000100000000000010000000000000000000101001011
1001001000000000000000000011000000000000000000100000000010000000000010001000110000000000000000000100001010001
100110100100001000000001000000000000000100000000000000000010000000000000000000000010100100000000001000000010110011
10100000000000000010000000000000000000000000000000000000000000000000000000000000000000000000000000000000000000000000000000000000000000000000000000000000000100101
1000100010001001000000000010000000010000000000000000000000000000000000000000000000000000000000000000000000000000000000001011
1100000000000100000100000000000000001000000000000000000000000000001000000001010000000000000000000000000001011
11000000000000000000000000000000000000000000000000000000000000000000000000000000000000000000000000000000000000000000001000001000000001000000000000000100011111
11100000010000000000000000000000000000000000000100000000000100000000000000000000000000000000010000000000000111
11100000000000000001000000000000000000000000000000000000000000001000000000000000000000000001000000000000000000000000000000000000000000000010000000001000000000000100010011
1010000010000000000001010000000000000000000000000000000000000000000000000000000000000000000000000000000000000010000000000000000000000000000000001000000000000000000000000000000000001011001
10100000000000000000000000000000000000000000010000000000000000000000010000000000000100000000000000001100100001001
1000100000000000000000000000010000000000000000000001000010000000000000000010000000000000000000000001000000000000000000000000000000000000000000000000000000000000011
110001000000000000000000000000000000000011000100000000000000000001000100000000000000000000000000000000000000010000000010111101
100000000100000000000000000000000000000000000000000000000100000000000000000000100000000000010000000000000000000010000010000000000000000000000000100000000000001
1001010100000000000000010000000000000000000000000000000000000000000000000000000000000000000000000000100000000000000000000100000000000001000000000000000000000000000000001000001011
1000101001000000000000000000010000000000000000000000000000000000000000000101000000000000000000000000000000000000000000000000000000000000000000000000000000000000000000001000000000000000000010001101
1000000000000000000001000010000000000000000000100000100000000000000100000000000000000000000000010010011
11000000000001000000000000000000000000000000010000000000000000000001000000000000000000000000000000000000000000000000000000100000001000000000100001
10001000000000000000000000000000000000000000000000000000000000000000000000000000000000010000000001001
1000100000000000000000000000000000000100000000000000000000000000000001000000000000000000000000000000000000000000000000001000000000000000000000000000000000000000000001000010000000000000001
110000000010000000000000000000000001000000000000000100000000000000000010000000000000001000000000000001000001101
10010000000010110000000000000000000000000000000000000000000000000000000000010000000000000000000000000000000100000000000000000000001000000010000010010000000010000000111
110000000001100000000000000000000000000000000000000000000000000000000000000000000000000000000000000000000000000001000001
110000000010000000001100000000000000000000000000000000000000000000000000000000000000000000000010000010011
101100000000010000000000000000000000000000000000000000000000000000000000000000000000000000000000000000000000000000000000000000000000000000100000000000000000110000000000000010001
10000000000000000001000000000000000100000000000000000000000000000000000000000000000000000000100000000000000000000000100101000000000000100000000000000000000000000111
1100100000100010000001000000001000000000000000000000000000000000000000000010000000000000000000000000000000000000000000000000100100001000000000000000001
11010000001000000000000100000000001000000001000000000000000000000000000000000000000000000000000000000101010000100011
1111001000000000100000000100000000000000100000000100000000000000000000000001000000000000000001001111
11010010000000000000000000000000010000000000000000000000000000000000000000000000000000000000000000000000000010000000000000000000000000000000000000100000000000000000000100011
100000000100100001000000000000000000000000000000000000000000000000000001000000000000000000010000000010100000000011
1100010000000000010000000000000000100000000010000000000000000000001000000000001000000000000000000001111
110000000000100000100000000000100000000000000000000000000000000000000000001000000000000000000000000000000000000000000000000000000000010000101000011
11100000000000010000010000000000000000000000000010000000000000000000000000000001000000000000000000000000000000000000000001001001
11100110010000100000000100000000000000000000000000000000000000000000000000000000000001000000000000000000000000000000000000000000000000000000000000000000000000000000000000010000001010001
11001000000001000000000000000000000000000000000000000000000000000000000000000000000000000100000000000000001001
1110000000000001000000100000000100000000000000000000010000000000001000000000000000000000000000000000000000100000000000000000000000000000000000000000000000001000000000000000000001
1001011010100000001000000000000000100001000000000000000000000000000000000000000000010000000000000000000000000000000000001010000000000000000100000000000000000000100011
100111000001000000001000000000000000000000000000000000000000000000000000000000000000000000000000000000000000000000000000000000000000000000000000010000000010000000001
100000100000000000000000000001000000010000000001000000000000000000000000100000000000010000000000000000000000000000000000010100000010101
1110000000000000000000001000000000000100000000000000000000000000000000000000000000001000000000100000000001
1100100000000000000000000000000000000000000000000000000000000000000000000000000000000000000000000000000000000000000000000000000000000000000000000000100101001
10111000000010000000000000000000000000000000000000000000000000000000001000000000000000000000000000000000000000000000000000000000001000000000000110110000000000001011
101100010001000000000000000000000000000000000000000000000000000010000000000000000000000000000000000000000000000000000000000000000000000000001101
11011000000000000000000000100000000000000010000000000000000000000000001000000000000000001010000000000000000000000000000111
1000000000000000000000000000000000010000000000001000000000000000000010000000000000000000000000000110011
1000010000000000000000000000000000000000000000000000000000000000000000000000001000000000000000000000000000000000000000000000000000000000000000000000001000000000000000000000000000000000100000001
101001000000000000001000000000000000000000000010000000000000000000000000000000000000000000000000000000000010000000000000000000000000000000000000000000100000000000010000000000010000001011
11000000000000000000000000000000000000000000000000000000000000000000000000000000000000000000000000000000000000000000000000000000000000000000000100000000000000000000001010000111
1111110000000000000000010000100000000000001000000000000000000000010000000000000000000001000000000000000111
100100000000000000000100000000000000000000000000000000000000000010000000000000000000000000000100000000100001
111010000100000000000100000000000000000000000000000000000000000000000000000000000000000000000000000000000000000000000000000000000000000000000000000000000001000010000000000001000000000000000001001001
1011000000000010000000000000000000000000010000100100000010000000000000000000000000000000000000000000000000000010000000000001000000000000001010001
1110000000000010000000000000000000000000000000000000000000000000000000000000010000000000100000000000000000000000000000000000000000000000000000000000000000000000000000000000000000000000000010000101
